# Trouble in Terrorist Town weapon/ammo placement overrides
# For map: ttt_prison
# Exported by: amber
setting:	replacespawns 0
weapon_ttt_smokegrenade	800.000000 -400.000000 16.161699	0.000 0.000 0.000
weapon_ttt_smokegrenade	64.104401 -1360.239990 59.882801	0.000 0.000 0.000
weapon_ttt_smokegrenade	-430.825287 -5.547880 0.199536	-0.650 -1.565 -0.659
weapon_ttt_smokegrenade	-416.359131 -17.626032 0.139029	-1.947 -1.274 -1.973
weapon_ttt_smokegrenade	-435.088348 -16.298868 0.162632	-1.436 -1.479 -1.462
weapon_ttt_smokegrenade	-419.997772 -6.971092 0.157383	-1.548 -1.444 -1.576
weapon_ttt_smokegrenade	-428.111450 -18.449821 0.156282	-1.573 -1.414 -1.600
weapon_ttt_smokegrenade	687.102783 342.355743 1.631614	2.850 -61.086 -89.762
weapon_ttt_smokegrenade	674.404419 328.071472 0.166556	-1.353 -1.483 -1.377
ttt_random_weapon	-1184.568848 -218.259201 139.122208	9.220 -11.236 -97.525	auto_ammo 2
ttt_random_weapon	-1182.601074 -367.473541 139.120682	9.294 -11.249 -97.614	auto_ammo 2
ttt_random_weapon	-1184.110596 -498.079742 139.120743	9.285 -11.245 -97.589	auto_ammo 2
ttt_random_weapon	-1185.799194 -572.133789 139.120041	9.313 -11.247 -97.609	auto_ammo 2
ttt_random_weapon	-1166.499268 -263.166473 3.880457	7.440 -5.045 -60.248	auto_ammo 2
ttt_random_weapon	-1173.353027 -378.945190 3.882035	7.360 -5.044 -60.240	auto_ammo 2
ttt_random_weapon	-1165.417847 -581.143127 3.880798	7.423 -5.045 -60.246	auto_ammo 2
ttt_random_weapon	-1179.213257 -490.875275 3.880798	7.423 -5.045 -60.246	auto_ammo 2
ttt_random_weapon	-304.223480 -250.386734 4.267152	10.206 -6.523 -69.032	auto_ammo 2
ttt_random_weapon	-319.352905 -564.749329 3.880276	7.449 -5.045 -60.249	auto_ammo 2
ttt_random_weapon	-213.073288 -287.833191 3.879943	7.517 -5.057 -60.273	auto_ammo 2
ttt_random_weapon	-169.294022 -154.256027 3.882106	7.357 -5.044 -60.239	auto_ammo 2
ttt_random_weapon	48.520531 -476.176331 3.880398	7.443 -5.046 -60.248	auto_ammo 2
ttt_random_weapon	52.994099 -313.306641 3.881569	7.384 -5.044 -60.242	auto_ammo 2
ttt_random_weapon	129.990051 264.309479 3.879838	7.473 -5.049 -60.252	auto_ammo 2
ttt_random_weapon	67.165207 262.733032 3.882036	7.360 -5.044 -60.240	auto_ammo 2
ttt_random_weapon	22.888664 266.500549 3.882647	7.329 -5.043 -60.237	auto_ammo 2
ttt_random_weapon	136.461685 376.967010 3.882539	7.335 -5.043 -60.237	auto_ammo 2
ttt_random_weapon	-332.855255 706.900024 149.127045	9.135 -11.269 -97.775	auto_ammo 2
ttt_random_weapon	88.833038 824.290955 149.129166	9.182 -11.333 -98.209	auto_ammo 2
ttt_random_weapon	81.640549 724.894958 149.129044	9.196 -11.338 -98.248	auto_ammo 2
ttt_random_weapon	59.043243 662.109863 149.127258	9.130 -11.271 -97.784	auto_ammo 2
ttt_random_weapon	41.109997 534.436768 149.129135	9.179 -11.331 -98.190	auto_ammo 2
ttt_random_weapon	-160.092270 408.475189 149.129257	9.185 -11.337 -98.231	auto_ammo 2
ttt_random_weapon	-171.796005 355.340515 149.129517	9.192 -11.345 -98.292	auto_ammo 2
ttt_random_weapon	-216.988678 410.934967 149.127518	9.140 -11.280 -97.848	auto_ammo 2
ttt_random_weapon	-220.106125 365.892303 149.128967	9.177 -11.327 -98.163	auto_ammo 2
ttt_random_weapon	-58.761593 423.858185 163.030670	3.375 -3.332 -40.714	auto_ammo 2
ttt_random_weapon	-99.009033 418.004242 163.530487	10.463 -8.890 -69.399	auto_ammo 2
ttt_random_weapon	-66.936485 349.107788 163.583008	10.331 -16.316 -72.035	auto_ammo 2
ttt_random_weapon	-100.792374 346.692657 176.520203	32.973 50.905 -128.774	auto_ammo 2
ttt_random_weapon	-82.124878 344.714966 163.611862	-12.454 -13.926 -26.729	auto_ammo 2
ttt_random_weapon	-781.394653 -595.666809 3.882035	7.360 -5.044 -60.240	auto_ammo 2
ttt_random_weapon	-762.617371 -209.126297 3.883018	7.310 -5.043 -60.235	auto_ammo 2
ttt_random_weapon	-387.727448 -610.932922 139.132935	9.137 -11.386 -98.515	auto_ammo 2
ttt_random_weapon	-703.737244 -1046.919922 19.193329	7.383 1.889 -60.268	auto_ammo 2
ttt_random_weapon	-737.347595 -1061.432007 20.378941	9.081 -29.357 -98.227	auto_ammo 2
ttt_random_weapon	-584.279541 -1057.516846 13.951659	-29.703 58.944 -31.589	auto_ammo 2
ttt_random_weapon	-540.215515 -1059.795166 12.572845	-22.034 61.670 -25.507	auto_ammo 2
ttt_random_weapon	-500.600128 -1071.848022 18.008625	-59.399 10.223 -63.595	auto_ammo 2
ttt_random_weapon	-913.279724 -1045.966187 19.080914	4.672 8.252 -46.080	auto_ammo 2
ttt_random_weapon	-890.851563 -1050.641602 19.158436	4.925 -1.585 -53.582	auto_ammo 2
ttt_random_weapon	-516.857117 -1466.622681 24.205894	41.757 -81.510 -60.257	auto_ammo 2
ttt_random_weapon	-548.935547 -1470.315063 11.279577	7.017 -116.498 -59.201	auto_ammo 2
ttt_random_weapon	-599.865662 -1466.881226 23.326122	38.263 -69.761 46.923	auto_ammo 2
ttt_random_weapon	-713.947205 -1484.279907 19.092279	6.940 -2.913 -58.751	auto_ammo 2
ttt_random_weapon	-717.716431 -1494.274414 21.169699	12.680 -3.720 48.840	auto_ammo 2
ttt_random_weapon	-894.329651 -1471.873657 19.448467	-2.608 -2.313 -11.006	auto_ammo 2
ttt_random_weapon	-913.149780 -1488.861694 19.568350	10.217 -6.708 -69.053	auto_ammo 2
ttt_random_weapon	-913.373596 -1280.394287 131.882477	7.338 -5.043 -60.237	auto_ammo 2
ttt_random_weapon	-833.637817 -1280.069214 131.879593	7.496 -5.051 -60.258	auto_ammo 2
ttt_random_weapon	-752.675232 -1277.248413 131.882721	7.325 -5.043 -60.236	auto_ammo 2
ttt_random_weapon	-633.057129 -1277.687744 131.881165	7.405 -5.045 -60.244	auto_ammo 2
ttt_random_weapon	305.889221 -1581.444824 3.879603	7.500 -5.053 -60.260	auto_ammo 2
ttt_random_weapon	266.056366 -1429.244873 3.881483	7.388 -5.044 -60.242	auto_ammo 2
ttt_random_weapon	325.892548 -941.625977 5.533883	-4.873 -23.013 -97.875	auto_ammo 2
ttt_random_weapon	325.591797 -1058.058594 3.682676	1.761 -5.302 -38.384	auto_ammo 2
ttt_random_weapon	1394.543213 -1409.956177 5.121924	9.297 -11.456 -97.766	auto_ammo 2
ttt_random_weapon	1393.065430 -1365.692261 5.123504	9.208 -11.437 -97.629	auto_ammo 2
ttt_random_weapon	1390.598999 -1283.537842 5.121698	9.309 -11.458 -97.785	auto_ammo 2
ttt_random_weapon	1397.036743 -1219.741333 5.118927	9.311 -4.361 -97.478	auto_ammo 2
ttt_random_weapon	1398.891357 -1308.720703 5.122239	9.293 -11.459 -97.788	auto_ammo 2
ttt_random_weapon	1283.185669 -1344.944214 45.604290	9.119 -8.440 -97.456	auto_ammo 2
ttt_random_weapon	1238.104736 -1344.846680 45.606499	9.102 -9.887 -97.589	auto_ammo 2
ttt_random_weapon	1148.707397 -1333.049194 45.605652	9.099 -9.777 -97.537	auto_ammo 2
ttt_random_weapon	1098.940308 -1337.715942 44.736385	10.114 -4.395 -68.740	auto_ammo 2
ttt_random_weapon	1317.788086 -1493.873291 45.592468	9.280 -8.896 -97.639	auto_ammo 2
ttt_random_weapon	1315.717651 -1470.241577 45.604984	9.172 -9.732 -98.311	auto_ammo 2
ttt_random_weapon	1242.678589 -1500.473389 44.353695	7.347 -4.016 -60.237	auto_ammo 2
ttt_random_weapon	1245.904541 -1478.539551 45.602020	9.128 -9.449 -98.152	auto_ammo 2
ttt_random_weapon	1167.344849 -1497.052979 45.597569	9.083 -9.291 -97.921	auto_ammo 2
ttt_random_weapon	1170.895874 -1469.776855 45.597767	9.094 -8.987 -98.042	auto_ammo 2
ttt_random_weapon	72.959557 679.579895 3.881394	7.393 -5.044 -60.243	auto_ammo 2
ttt_random_weapon	70.082329 813.153137 3.882365	7.344 -5.044 -60.238	auto_ammo 2
ttt_random_weapon	72.811371 738.518982 3.881156	7.405 -5.044 -60.244	auto_ammo 2
ttt_random_weapon	71.639549 873.624084 3.881694	7.378 -5.044 -60.241	auto_ammo 2
ttt_random_weapon	449.352539 832.117310 3.881255	7.400 -5.044 -60.244	auto_ammo 2
ttt_random_weapon	336.465912 1004.503113 3.879679	7.484 -5.047 -60.254	auto_ammo 2
ttt_random_weapon	237.697876 1006.391296 4.273072	10.251 -6.555 -69.160	auto_ammo 2
ttt_random_weapon	14.667318 1023.499817 4.853008	0.121 -21.046 124.904	auto_ammo 2
ttt_random_weapon	-101.295799 1004.627563 3.881571	7.384 -5.044 -60.242	auto_ammo 2
ttt_random_weapon	-151.567322 1004.010254 3.879773	7.510 -5.057 -60.267	auto_ammo 2
ttt_random_weapon	-149.264297 1275.383789 3.881890	7.368 -5.044 -60.240	auto_ammo 2
ttt_random_weapon	-135.857040 1160.882690 3.880852	7.420 -5.045 -60.246	auto_ammo 2
ttt_random_weapon	-136.510818 1212.645996 3.881694	7.378 -5.044 -60.241	auto_ammo 2
ttt_random_weapon	119.178062 1159.795654 3.828538	7.165 -5.176 -59.241	auto_ammo 2
ttt_random_weapon	32.610760 1220.992798 38.781059	8.819 -6.814 -97.441	auto_ammo 2
ttt_random_weapon	39.085926 1258.292114 38.797848	8.890 -10.588 -97.430	auto_ammo 2
ttt_random_weapon	35.367023 1194.154419 38.805836	8.949 -8.329 -98.050	auto_ammo 2
ttt_random_weapon	104.538460 1327.315674 3.880943	7.416 -5.048 -60.245	auto_ammo 2
ttt_random_weapon	1384.921875 -1022.537842 36.166019	9.160 -8.489 -97.625	auto_ammo 2
ttt_random_weapon	1385.430054 -973.493774 35.324432	10.295 -5.717 -69.204	auto_ammo 2
ttt_random_weapon	1385.050415 -824.481018 36.145500	9.109 -10.074 -97.465	auto_ammo 2
ttt_random_weapon	1379.011108 -785.580688 36.144287	9.173 -10.416 -98.038	auto_ammo 2
ttt_random_weapon	1388.010498 -611.745911 36.148510	9.088 -9.839 -97.718	auto_ammo 2
ttt_random_weapon	1387.768433 -645.422241 36.154861	9.076 -9.922 -98.207	auto_ammo 2
ttt_random_weapon	1391.724976 -390.683807 36.115150	9.204 -11.216 -97.485	auto_ammo 2
ttt_random_weapon	1389.139526 -441.424133 36.134590	9.126 -10.727 -97.921	auto_ammo 2
ttt_random_weapon	1185.749878 -437.998474 36.143108	9.081 -10.281 -98.174	auto_ammo 2
ttt_random_weapon	1188.834961 -373.800781 36.118465	9.255 -12.401 -98.107	auto_ammo 2
ttt_random_weapon	1189.380981 -590.017273 34.909737	7.157 -5.124 -59.669	auto_ammo 2
ttt_random_weapon	1192.943481 -646.911865 36.182980	9.083 -9.885 -97.705	auto_ammo 2
ttt_random_weapon	1185.551025 -793.428894 36.155315	9.104 -9.009 -98.022	auto_ammo 2
ttt_random_weapon	1181.639648 -871.078491 36.129196	9.166 -9.221 -98.272	auto_ammo 2
ttt_random_weapon	1184.945435 -1033.615112 35.287575	10.249 -5.277 -68.870	auto_ammo 2
ttt_random_weapon	1192.015625 -969.180054 36.140404	9.187 -8.147 -97.466	auto_ammo 2
ttt_random_weapon	-296.510803 -1300.178101 3.883526	7.284 -5.043 -60.232	auto_ammo 2
ttt_random_weapon	458.435791 617.346436 3.882365	7.344 -5.044 -60.238	auto_ammo 2
ttt_random_weapon	483.288269 411.269897 3.879941	7.517 -5.057 -60.273	auto_ammo 2
ttt_random_weapon	464.226654 231.605606 3.883388	7.292 -5.043 -60.233	auto_ammo 2
ttt_random_weapon	-133.119431 2037.651489 5.133256	9.093 -11.591 -98.375	auto_ammo 2
ttt_random_weapon	-57.870335 2033.230225 5.130516	9.092 -11.540 -98.029	auto_ammo 2
ttt_random_weapon	-130.591110 1498.208374 5.134299	9.092 -11.610 -98.510	auto_ammo 2
ttt_random_weapon	-65.822098 1505.239380 5.132242	9.093 -11.572 -98.246	auto_ammo 2
item_ammo_smg1_ttt	-96.000000 -560.000000 13.009200	0.000 0.000 0.000
item_ammo_smg1_ttt	-64.000000 -576.000000 13.009200	0.000 0.000 0.000
item_ammo_smg1_ttt	-96.000000 -592.000000 16.646900	0.000 0.000 0.000
item_ammo_smg1_ttt	-128.000000 -576.000000 13.009200	0.000 0.000 0.000
item_ammo_smg1_ttt	96.000000 1024.000000 13.009200	0.000 0.000 0.000
item_ammo_smg1_ttt	128.000000 1008.000000 13.009200	0.000 0.000 0.000
item_ammo_smg1_ttt	96.000000 992.000000 16.646900	0.000 0.000 0.000
item_ammo_smg1_ttt	64.000000 1008.000000 13.009200	0.000 0.000 0.000
item_ammo_smg1_ttt	1280.000000 -896.000000 6.233390	0.000 0.000 0.000
item_ammo_smg1_ttt	1312.000000 -912.000000 6.233390	0.000 0.000 0.000
item_ammo_smg1_ttt	1280.000000 -928.000000 9.871090	0.000 0.000 0.000
item_ammo_smg1_ttt	1248.000000 -912.000000 6.233390	0.000 0.000 0.000
item_ammo_smg1_ttt	304.000000 -1488.000000 6.233390	0.000 0.000 0.000
item_ammo_smg1_ttt	336.000000 -1504.000000 6.233390	0.000 0.000 0.000
item_ammo_smg1_ttt	304.000000 -1520.000000 9.871090	0.000 0.000 0.000
item_ammo_smg1_ttt	272.000000 -1504.000000 6.233390	0.000 0.000 0.000
item_ammo_smg1_ttt	-912.000000 -1392.000000 6.233390	0.000 0.000 0.000
item_ammo_smg1_ttt	-880.000000 -1408.000000 6.233390	0.000 0.000 0.000
item_ammo_smg1_ttt	-912.000000 -1424.000000 9.871090	0.000 0.000 0.000
item_ammo_smg1_ttt	-944.000000 -1408.000000 6.233390	0.000 0.000 0.000
item_ammo_smg1_ttt	1224.756592 -1257.688843 0.489986	0.942 -0.460 -0.126
item_ammo_smg1_ttt	1263.232544 -1217.555420 0.500347	0.840 -0.012 -0.630
weapon_zm_molotov	-944.000000 -352.000000 16.485100	0.000 0.000 0.000
weapon_zm_molotov	-15.895600 991.760010 59.882801	0.000 0.000 0.000
weapon_zm_molotov	-503.240753 -809.477722 136.171143	-1.255 -1.505 -1.277
weapon_zm_molotov	-517.005798 -801.745239 136.206711	-0.498 -1.570 -0.504
weapon_zm_molotov	-507.215698 -799.477356 136.164627	-1.394 -1.486 -1.419
weapon_zm_molotov	-816.737488 -4.849806 136.151718	-1.671 -1.412 -1.699
weapon_zm_molotov	-802.292114 -6.659537 136.149338	-1.720 -1.377 -1.752
weapon_zm_molotov	-1446.777100 -343.342834 136.139053	-1.940 -1.274 -1.977
weapon_zm_molotov	-1437.250854 -350.743256 136.136276	-1.999 -1.232 -2.037
weapon_zm_molotov	-1088.636719 -805.119690 1.601972	21.292 -62.716 -89.228
weapon_zm_molotov	-1083.749634 -797.976440 0.181919	-0.974 -1.356 -1.005
weapon_zm_molotov	678.399658 339.456146 1.664565	3.851 -104.413 -89.996
weapon_zm_molotov	687.631958 327.656464 0.146878	-1.773 -1.379 -1.806
item_box_buckshot_ttt	-928.000000 -208.000000 13.009200	0.000 0.000 0.000
item_box_buckshot_ttt	-960.000000 -224.000000 16.646900	0.000 0.000 0.000
item_box_buckshot_ttt	-960.000000 -192.000000 13.009200	0.000 0.000 0.000
item_box_buckshot_ttt	-992.000000 -208.000000 13.009200	0.000 0.000 0.000
item_box_buckshot_ttt	-544.000000 -208.000000 13.009200	0.000 0.000 0.000
item_box_buckshot_ttt	-576.000000 -224.000000 16.646900	0.000 0.000 0.000
item_box_buckshot_ttt	-576.000000 -192.000000 13.009200	0.000 0.000 0.000
item_box_buckshot_ttt	-608.000000 -208.000000 13.009200	0.000 0.000 0.000
item_box_buckshot_ttt	623.995972 -1360.000000 7.335710	0.000 0.000 0.000
item_box_buckshot_ttt	591.995972 -1376.000000 10.973400	0.000 0.000 0.000
item_box_buckshot_ttt	591.995972 -1344.000000 7.335710	0.000 0.000 0.000
item_box_buckshot_ttt	559.995972 -1360.000000 7.335710	0.000 0.000 0.000
item_box_buckshot_ttt	-272.003998 1632.000000 7.335710	0.000 0.000 0.000
item_box_buckshot_ttt	-304.003998 1616.000000 10.973400	0.000 0.000 0.000
item_box_buckshot_ttt	-304.003998 1648.000000 7.335710	0.000 0.000 0.000
item_box_buckshot_ttt	-336.003998 1632.000000 7.335710	0.000 0.000 0.000
item_box_buckshot_ttt	111.996002 1824.000000 7.335710	0.000 0.000 0.000
item_box_buckshot_ttt	79.995903 1808.000000 10.973400	0.000 0.000 0.000
item_box_buckshot_ttt	79.995903 1840.000000 7.335710	0.000 0.000 0.000
item_box_buckshot_ttt	47.995899 1824.000000 7.335710	0.000 0.000 0.000
item_box_buckshot_ttt	-464.003998 672.000000 157.009003	0.000 0.000 0.000
item_box_buckshot_ttt	-496.003998 656.000000 160.647003	0.000 0.000 0.000
item_box_buckshot_ttt	-496.003998 688.000000 157.009003	0.000 0.000 0.000
item_box_buckshot_ttt	-528.004028 672.000000 157.009003	0.000 0.000 0.000
item_box_buckshot_ttt	-112.003998 704.000000 157.009003	0.000 0.000 0.000
item_box_buckshot_ttt	-144.003998 688.000000 160.647003	0.000 0.000 0.000
item_box_buckshot_ttt	-144.003998 720.000000 157.009003	0.000 0.000 0.000
item_box_buckshot_ttt	-176.003998 704.000000 157.009003	0.000 0.000 0.000
item_ammo_357_ttt	-927.997009 -608.000000 16.000000	0.000 0.000 0.000
item_ammo_357_ttt	-960.000000 -592.000000 12.685800	0.000 0.000 0.000
item_ammo_357_ttt	-992.000000 -608.000977 16.000000	0.000 0.000 0.000
item_ammo_357_ttt	-960.000000 -624.000000 16.000000	0.000 0.000 0.000
item_ammo_357_ttt	-559.997009 -608.000000 16.000000	0.000 0.000 0.000
item_ammo_357_ttt	-592.000000 -592.000000 12.685800	0.000 0.000 0.000
item_ammo_357_ttt	-624.000000 -608.000977 16.000000	0.000 0.000 0.000
item_ammo_357_ttt	-592.000000 -624.000000 16.000000	0.000 0.000 0.000
item_ammo_357_ttt	128.003998 1632.000000 11.078700	0.000 0.000 0.000
item_ammo_357_ttt	96.001503 1648.000000 7.764470	0.000 0.000 0.000
item_ammo_357_ttt	64.001503 1632.000000 11.078700	0.000 0.000 0.000
item_ammo_357_ttt	96.001503 1616.000000 11.078700	0.000 0.000 0.000
item_ammo_357_ttt	128.003998 1440.000000 11.078700	0.000 0.000 0.000
item_ammo_357_ttt	96.001503 1456.000000 7.764470	0.000 0.000 0.000
item_ammo_357_ttt	64.001503 1440.000000 11.078700	0.000 0.000 0.000
item_ammo_357_ttt	96.001503 1424.000000 11.078700	0.000 0.000 0.000
ttt_random_ammo	142.080475 202.100021 7.971042	-0.017 -0.854 0.012
ttt_random_ammo	141.303802 216.369247 7.973759	-0.017 2.310 0.011
ttt_random_ammo	130.986984 199.695343 7.894032	-1.316 0.022 -1.551
ttt_random_ammo	131.289047 209.796356 7.821879	0.761 0.007 1.042
ttt_random_ammo	78.264160 197.956787 7.973284	-0.040 -0.780 0.026
ttt_random_ammo	81.738808 210.190109 7.970018	-0.028 -0.277 -0.007
ttt_random_ammo	80.550949 219.952850 7.884083	0.320 -0.734 -0.453
ttt_random_ammo	27.066395 195.041550 7.948225	-0.209 -0.603 0.210
ttt_random_ammo	16.251011 200.570923 7.919385	-0.547 -0.011 -0.617
ttt_random_ammo	26.487320 210.195480 7.898372	-0.954 0.013 -1.100
ttt_random_ammo	18.376518 220.906921 7.838243	0.780 0.011 1.072
ttt_random_ammo	106.413094 -241.802139 15.802382	-0.040 0.116 -0.003
ttt_random_ammo	104.391289 -256.457031 15.801637	-0.041 0.302 -0.004
ttt_random_ammo	99.841621 -272.162384 15.799170	-0.040 0.046 -0.003
ttt_random_ammo	99.151909 -283.924194 15.799214	-0.040 -0.049 -0.003
ttt_random_ammo	486.054565 153.901978 34.227493	0.077 6.315 -0.276
ttt_random_ammo	462.305817 154.669769 34.199718	-0.023 0.145 -0.353
ttt_random_ammo	422.008240 157.054810 34.175175	-0.029 0.155 -0.388
ttt_random_ammo	445.811584 155.857178 34.158455	0.064 0.018 -0.406
ttt_random_ammo	410.003082 155.826874 34.123936	0.066 -0.130 -0.489
ttt_random_ammo	-422.080048 -1043.194824 33.545628	-0.013 0.708 -0.021
ttt_random_ammo	-427.380188 -1073.070190 11.773137	0.271 0.964 0.427
ttt_random_ammo	-419.444916 -1140.303101 33.540234	-0.011 0.416 -0.068
ttt_random_ammo	-417.828186 -1163.717041 33.514530	-0.154 0.007 -0.221
ttt_random_ammo	-421.320160 -1231.839600 33.545383	-0.009 0.247 -0.017
ttt_random_ammo	-424.309570 -1240.611938 97.439278	0.073 0.494 0.002
ttt_random_ammo	-426.122345 -1070.423096 97.330719	-0.511 1.412 0.239
ttt_random_ammo	-425.389709 -1231.880737 11.793529	-0.714 -0.018 0.884
ttt_random_ammo	246.672485 -1576.947388 15.769686	-0.084 -1.083 -0.125
ttt_random_ammo	252.971405 -1553.304565 15.755549	-0.477 -0.001 -0.549
ttt_random_ammo	259.382935 -1577.536499 15.723942	-0.701 -0.019 0.928
ttt_random_ammo	247.115433 -1546.372559 15.677523	-0.735 -0.008 0.967
ttt_random_ammo	978.847839 -731.908569 33.547428	-1.401 -0.310 1.733
ttt_random_ammo	981.419861 -714.179749 33.502636	1.472 0.321 1.095
ttt_random_ammo	979.469727 -640.393860 33.519657	0.101 -0.197 -0.179
ttt_random_ammo	979.581543 -620.330200 33.493416	-0.541 -0.233 -0.595
ttt_random_ammo	1006.914307 -520.083862 34.436844	-0.003 -1.577 -0.367
ttt_random_ammo	1041.528320 -520.173218 34.426605	0.018 -0.605 -0.360
ttt_random_ammo	1079.921143 -524.287537 34.433128	0.028 -0.159 -0.400
ttt_random_ammo	985.747131 -622.260925 72.265472	-0.610 -0.818 -0.889
ttt_random_ammo	983.061768 -733.121338 11.719584	-0.117 -0.458 0.039
weapon_zm_rifle	-960.000000 -608.000000 16.000000	0.000 0.000 0.000
weapon_zm_rifle	-592.000000 -608.000000 16.000000	0.000 0.000 0.000
weapon_zm_rifle	96.001503 1632.000000 11.078700	0.000 0.000 0.000
weapon_zm_rifle	96.001503 1440.000000 11.078700	0.000 0.000 0.000
weapon_ttt_glock	288.000000 -400.000000 16.323400	0.000 0.000 0.000
weapon_ttt_glock	1088.000000 -656.000000 11.878100	0.000 0.000 0.000
weapon_ttt_glock	-512.000000 512.000000 160.322998	0.000 0.000 0.000
item_ammo_revolver_ttt	112.000000 -384.000000 13.009200	0.000 0.000 0.000
item_ammo_revolver_ttt	80.000000 -400.000000 16.646900	0.000 0.000 0.000
item_ammo_revolver_ttt	80.000000 -368.000000 13.009200	0.000 0.000 0.000
item_ammo_revolver_ttt	48.000000 -384.000000 13.009200	0.000 0.000 0.000
item_ammo_revolver_ttt	80.000000 400.000000 7.196510	0.000 0.000 0.000
item_ammo_revolver_ttt	48.000000 384.000000 10.834200	0.000 0.000 0.000
item_ammo_revolver_ttt	48.000000 416.000000 7.196510	0.000 0.000 0.000
item_ammo_revolver_ttt	16.000000 400.000000 7.196510	0.000 0.000 0.000
item_ammo_revolver_ttt	320.002991 751.999023 7.196510	0.000 0.000 0.000
item_ammo_revolver_ttt	288.002991 735.999023 10.834200	0.000 0.000 0.000
item_ammo_revolver_ttt	288.002991 767.999023 7.196510	0.000 0.000 0.000
item_ammo_revolver_ttt	256.002991 751.999023 7.196510	0.000 0.000 0.000
item_ammo_revolver_ttt	480.002991 -32.000801 7.196510	0.000 0.000 0.000
item_ammo_revolver_ttt	448.002991 -48.000801 10.834200	0.000 0.000 0.000
item_ammo_revolver_ttt	448.002991 -16.000799 7.196510	0.000 0.000 0.000
item_ammo_revolver_ttt	416.002991 -32.000801 7.196510	0.000 0.000 0.000
item_ammo_revolver_ttt	496.002991 672.000000 157.009003	0.000 0.000 0.000
item_ammo_revolver_ttt	464.002991 656.000000 160.647003	0.000 0.000 0.000
item_ammo_revolver_ttt	464.002991 688.000000 157.009003	0.000 0.000 0.000
item_ammo_revolver_ttt	432.002991 672.000000 157.009003	0.000 0.000 0.000
item_ammo_revolver_ttt	-256.000000 1120.000000 13.009200	0.000 0.000 0.000
item_ammo_revolver_ttt	-288.000000 1104.000000 16.646900	0.000 0.000 0.000
item_ammo_revolver_ttt	-288.000000 1136.000000 13.009200	0.000 0.000 0.000
item_ammo_revolver_ttt	-320.000000 1120.000000 13.009200	0.000 0.000 0.000
item_ammo_revolver_ttt	144.003006 1216.000000 13.009200	0.000 0.000 0.000
item_ammo_revolver_ttt	112.002998 1200.000000 16.646900	0.000 0.000 0.000
item_ammo_revolver_ttt	112.002998 1232.000000 13.009200	0.000 0.000 0.000
item_ammo_revolver_ttt	80.002899 1216.000000 13.009200	0.000 0.000 0.000
weapon_zm_pistol	280.042450 -414.661774 0.893693	0.256 41.434 88.948
item_ammo_pistol_ttt	320.000000 -400.000000 13.009200	0.000 0.000 0.000
item_ammo_pistol_ttt	288.000000 -384.000000 13.009200	0.000 0.000 0.000
item_ammo_pistol_ttt	288.000000 -416.000000 16.646900	0.000 0.000 0.000
item_ammo_pistol_ttt	256.000000 -400.000000 13.009200	0.000 0.000 0.000
item_ammo_pistol_ttt	-768.000000 -1136.000000 13.009200	0.000 0.000 0.000
item_ammo_pistol_ttt	-800.000000 -1120.000000 13.009200	0.000 0.000 0.000
item_ammo_pistol_ttt	-800.000000 -1152.000000 16.646900	0.000 0.000 0.000
item_ammo_pistol_ttt	-832.000000 -1136.000000 13.009200	0.000 0.000 0.000
item_ammo_pistol_ttt	1120.000000 -656.000000 8.563910	0.000 0.000 0.000
item_ammo_pistol_ttt	1088.000000 -640.000000 8.563910	0.000 0.000 0.000
item_ammo_pistol_ttt	1088.000000 -672.000000 12.201600	0.000 0.000 0.000
item_ammo_pistol_ttt	1056.000000 -656.000000 8.563910	0.000 0.000 0.000
item_ammo_pistol_ttt	1280.000000 -1248.050049 8.563910	0.000 0.000 0.000
item_ammo_pistol_ttt	1248.000000 -1232.050049 8.563910	0.000 0.000 0.000
item_ammo_pistol_ttt	1248.000000 -1264.050049 12.201600	0.000 0.000 0.000
item_ammo_pistol_ttt	1216.000000 -1248.050049 8.563910	0.000 0.000 0.000
item_ammo_pistol_ttt	-480.000000 512.000000 157.009003	0.000 0.000 0.000
item_ammo_pistol_ttt	-512.000000 528.000000 157.009003	0.000 0.000 0.000
item_ammo_pistol_ttt	-512.000000 496.000000 160.647003	0.000 0.000 0.000
item_ammo_pistol_ttt	-544.000000 512.000000 157.009003	0.000 0.000 0.000
item_ammo_pistol_ttt	45.810753 -419.752533 0.396705	-0.089 -0.020 -0.027
item_ammo_pistol_ttt	93.050034 -374.228058 0.396514	-0.142 2.109 -0.095
item_ammo_pistol_ttt	77.564056 430.161560 0.374564	-0.108 -0.020 -0.033
item_ammo_pistol_ttt	24.684004 387.481873 0.418612	-0.070 -0.020 -0.021
item_ammo_pistol_ttt	422.259613 -54.640095 0.354312	-0.126 -0.019 -0.038
item_ammo_pistol_ttt	463.503021 -22.500278 0.406944	-0.080 -0.020 -0.024
item_ammo_pistol_ttt	263.701050 736.389099 0.451507	-0.041 -0.020 -0.012
item_ammo_pistol_ttt	306.362762 781.292297 0.322964	-0.154 -0.018 -0.046
item_ammo_pistol_ttt	457.702789 685.750305 134.494446	0.884 1.280 0.281
item_ammo_pistol_ttt	480.649719 661.142151 134.384140	-0.527 2.103 0.008
item_ammo_pistol_ttt	102.874512 1212.306641 1.443089	1.555 2.252 6.670
item_ammo_pistol_ttt	128.029297 1225.652710 0.432894	-0.262 1.115 -0.513
item_ammo_pistol_ttt	-283.655640 1109.181030 0.461562	-0.176 2.215 -0.045
item_ammo_pistol_ttt	-300.735657 1137.214478 0.333274	-0.145 -0.018 -0.044
weapon_ttt_m16	80.000000 -384.000000 16.323400	0.000 0.000 0.000
weapon_ttt_m16	48.000000 400.000000 10.510700	0.000 0.000 0.000
weapon_ttt_m16	288.002991 751.999023 10.510700	0.000 0.000 0.000
weapon_ttt_m16	448.002991 -32.000801 10.510700	0.000 0.000 0.000
weapon_ttt_m16	464.002991 672.000000 160.322998	0.000 0.000 0.000
weapon_ttt_m16	-288.000000 1120.000000 16.323400	0.000 0.000 0.000
weapon_ttt_m16	112.002998 1216.000000 16.323400	0.000 0.000 0.000
weapon_ttt_m16	1234.291626 -1232.334595 0.862809	2.309 -5.622 -83.564
weapon_ttt_m16	1261.214844 -1267.030762 0.881304	2.309 -6.265 -83.705
weapon_ttt_confgrenade	80.000000 -48.000000 16.485100	0.000 0.000 0.000
weapon_ttt_confgrenade	-112.029999 1439.290039 60.979698	0.000 0.000 0.000
weapon_ttt_confgrenade	-1442.935669 -518.795959 172.096237	-35.922 75.069 89.045
weapon_ttt_confgrenade	-1442.097290 -301.531403 36.156731	-35.875 73.196 90.203
weapon_ttt_confgrenade	-1145.912720 -9.025882 36.516941	-35.104 52.095 98.912
weapon_ttt_confgrenade	-763.025085 -9.488490 36.677910	39.347 90.709 97.714
weapon_ttt_confgrenade	-569.415771 -807.478943 35.996677	13.412 -42.334 -87.761
weapon_ttt_confgrenade	-958.160156 -804.881104 36.161526	-36.358 -64.592 -90.946
weapon_ttt_confgrenade	678.114258 559.886597 172.611343	17.110 99.020 -99.283
weapon_ttt_confgrenade	679.589233 737.440002 172.556274	12.319 -106.266 98.543
weapon_ttt_confgrenade	675.390259 369.585999 172.329575	9.511 126.482 93.630
weapon_ttt_confgrenade	677.776794 665.834106 36.276882	-39.971 -43.931 -94.473
weapon_zm_shotgun	-960.000000 -208.000000 16.323400	0.000 0.000 0.000
weapon_zm_shotgun	-576.000000 -208.000000 16.323400	0.000 0.000 0.000
weapon_zm_shotgun	591.995972 -1360.000000 10.649900	0.000 0.000 0.000
weapon_zm_shotgun	-304.003998 1632.000000 10.649900	0.000 0.000 0.000
weapon_zm_shotgun	79.995903 1824.000000 10.649900	0.000 0.000 0.000
weapon_zm_shotgun	-496.003998 672.000000 160.322998	0.000 0.000 0.000
weapon_zm_shotgun	-144.003998 704.000000 160.322998	0.000 0.000 0.000
weapon_zm_shotgun	611.715210 -1340.906372 1.130861	-0.448 -9.121 -84.456
weapon_zm_sledge	-96.000000 -576.000000 16.323400	0.000 0.000 0.000
weapon_zm_sledge	96.000000 1008.000000 16.323400	0.000 0.000 0.000
weapon_zm_sledge	1280.000000 -912.000000 9.547590	0.000 0.000 0.000
weapon_zm_sledge	304.000000 -1504.000000 9.547590	0.000 0.000 0.000
weapon_zm_sledge	-912.000000 -1408.000000 9.547590	0.000 0.000 0.000
weapon_zm_sledge	-369.272888 -786.806519 -2.191552	18.634 -0.124 2.992
weapon_zm_sledge	-366.177002 -765.571655 -2.260409	18.457 8.632 3.020
weapon_zm_sledge	-367.464203 -808.009766 -2.191552	18.634 -0.123 2.992
weapon_zm_revolver	99.884056 -408.810913 0.970605	1.988 -18.745 -85.816
weapon_zm_revolver	54.131145 -371.833466 0.970514	1.906 -18.795 -85.959
weapon_zm_revolver	29.778034 425.549316 0.970535	1.927 -18.776 -85.922
weapon_zm_revolver	65.332458 391.490417 0.970530	1.922 -18.794 -85.931
weapon_zm_revolver	465.637207 -50.514973 0.970751	2.120 -18.678 -85.587
weapon_zm_revolver	427.128754 -22.333260 0.970505	1.877 -18.778 -86.008
weapon_zm_revolver	266.757080 775.077271 0.970653	2.031 -18.722 -85.741
weapon_zm_revolver	301.209290 752.241211 0.806334	3.091 32.174 -83.216
weapon_zm_revolver	453.447388 669.415588 134.973373	2.388 -20.217 -85.318
weapon_zm_revolver	468.633148 665.271851 135.391602	-11.320 161.193 89.671
weapon_zm_revolver	130.212799 1183.638916 0.970707	2.079 -18.698 -85.658
weapon_zm_revolver	100.684402 1218.314331 0.960083	2.899 -17.765 -85.541
weapon_zm_revolver	-268.130066 1121.083862 0.970795	2.161 -18.667 -85.514
weapon_zm_revolver	-309.402496 1090.234009 0.970580	1.966 -18.759 -85.854
weapon_zm_mac10	-800.000000 -1136.000000 16.323400	0.000 0.000 0.000
weapon_zm_mac10	1248.000000 -1248.050049 11.878100	0.000 0.000 0.000
weapon_zm_mac10	327.250031 -1484.191040 1.273159	-0.013 -50.555 -88.957
weapon_zm_mac10	291.252350 -1526.055786 1.270317	0.059 -50.576 -88.991
weapon_zm_mac10	88.603691 993.300415 1.271959	0.178 0.249 -88.961
weapon_zm_mac10	108.466278 1013.413940 1.198745	-0.169 -1.171 -88.276
weapon_zm_mac10	1298.144043 -897.579224 1.266243	0.163 -50.610 -89.040
weapon_zm_mac10	1260.829712 -926.525269 1.240841	-0.120 -3.690 -88.524
