# Trouble in Terrorist Town weapon/ammo placement overrides
# For map: ttt_nipperhouse
# Exported by: amber
setting:	replacespawns 1
ttt_random_weapon	-8.611781 484.885193 149.127991	9.101 -11.127 -97.764	auto_ammo 2
ttt_random_weapon	-128.975800 530.159058 171.930649	1.230 2.591 -15.332	auto_ammo 2
ttt_random_weapon	-76.477013 495.952179 173.138474	9.079 -11.657 -99.036	auto_ammo 2
ttt_random_weapon	-90.983353 260.849854 149.112991	9.120 -11.271 -98.376	auto_ammo 2
ttt_random_weapon	-118.425804 206.543503 183.264450	10.178 -6.800 -68.935	auto_ammo 2
ttt_random_weapon	-106.361809 150.467667 178.132370	9.088 -11.537 -98.245	auto_ammo 2
ttt_random_weapon	461.684479 124.291626 187.346924	7.007 -23.682 -59.054	auto_ammo 2
ttt_random_weapon	387.497833 21.479040 188.983704	9.085 -10.925 -98.051	auto_ammo 2
ttt_random_weapon	263.624115 220.673080 150.953064	6.832 -17.670 -130.399	auto_ammo 2
ttt_random_weapon	252.460724 215.632614 147.755020	1.952 -41.666 -32.092	auto_ammo 2
ttt_random_weapon	-110.948242 -113.918526 148.277390	10.298 -7.596 -69.334	auto_ammo 2
ttt_random_weapon	-109.726242 -126.179947 148.957428	0.145 -2.379 125.159	auto_ammo 2
ttt_random_weapon	-97.835342 -173.420990 149.115845	9.064 -9.308 -97.924	auto_ammo 2
ttt_random_weapon	-94.628395 -165.111679 152.464340	-11.402 177.866 30.702	auto_ammo 2
ttt_random_weapon	-99.201859 -193.337463 147.880692	7.428 -6.378 -60.247	auto_ammo 2
ttt_random_weapon	307.371887 -192.863159 173.112900	9.121 -11.304 -98.604	auto_ammo 2
ttt_random_weapon	308.707611 -168.661652 173.117661	9.111 -11.245 -98.202	auto_ammo 2
ttt_random_weapon	314.086578 -232.797455 172.756744	9.919 8.171 -89.747	auto_ammo 2
ttt_random_weapon	102.026161 204.348190 149.120041	9.286 -32.949 -97.513	auto_ammo 2
ttt_random_weapon	107.617561 1155.174927 -16.198294	10.147 -7.887 -97.528	auto_ammo 2
ttt_random_weapon	247.816650 1173.127441 -19.117994	6.684 -9.522 -103.268	auto_ammo 2
ttt_random_weapon	351.522156 1111.134399 -16.446434	4.190 -9.638 -99.764	auto_ammo 2
ttt_random_weapon	467.918304 1043.303589 -16.179066	10.523 -14.198 -101.234	auto_ammo 2
ttt_random_weapon	461.400238 831.539307 -16.981007	7.585 -4.238 -55.678	auto_ammo 2
ttt_random_weapon	474.723663 690.512146 -22.648903	8.304 -9.995 -99.448	auto_ammo 2
ttt_random_weapon	469.010040 933.735229 -14.397625	12.416 -11.441 -97.297	auto_ammo 2
ttt_random_weapon	152.957611 355.639557 5.131238	9.163 -10.642 -98.399	auto_ammo 2
ttt_random_weapon	272.828156 465.978821 5.131095	9.111 -11.190 -98.174	auto_ammo 2
ttt_random_weapon	347.272247 435.371033 5.130277	9.124 -10.936 -98.123	auto_ammo 2
ttt_random_weapon	173.489822 439.690430 5.129776	9.108 -11.163 -97.999	auto_ammo 2
ttt_random_weapon	374.305115 312.586731 5.134191	9.124 -11.260 -98.630	auto_ammo 2
ttt_random_weapon	-58.875240 -226.635101 5.131942	9.116 -11.209 -98.298	auto_ammo 2
ttt_random_weapon	-49.459244 -152.601456 5.132561	9.119 -11.223 -98.390	auto_ammo 2
ttt_random_weapon	414.180725 -176.838150 5.127764	9.101 -11.123 -97.737	auto_ammo 2
ttt_random_weapon	336.219452 -185.156418 5.135368	9.125 -11.287 -98.796	auto_ammo 2
ttt_random_weapon	-245.065567 898.528564 -24.118650	7.395 -5.044 -60.243	auto_ammo 2
ttt_random_weapon	-241.204865 949.584900 -24.117760	7.350 -5.044 -60.239	auto_ammo 2
ttt_random_weapon	-160.918930 1019.711731 -24.119844	7.456 -5.047 -60.249	auto_ammo 2
ttt_random_weapon	-99.687790 993.489014 -24.119480	7.437 -5.045 -60.247	auto_ammo 2
ttt_random_weapon	-234.568130 -67.591492 -28.118307	7.378 -5.044 -60.241	auto_ammo 2
ttt_random_weapon	-233.467697 -153.639938 -26.867941	9.144 -11.798 -98.426	auto_ammo 2
ttt_random_weapon	-393.711029 -83.958282 -29.288923	-5.066 8.594 -97.987	auto_ammo 2
ttt_random_weapon	-394.723022 -159.697876 -29.087599	-3.317 -3.411 -97.317	auto_ammo 2
ttt_random_weapon	-359.312592 -505.351196 -28.118149	7.370 -5.044 -60.241	auto_ammo 2
ttt_random_weapon	-343.447937 -564.022888 -28.119095	7.417 -5.045 -60.245	auto_ammo 2
ttt_random_weapon	-299.027954 -806.253479 -29.860748	-17.993 26.233 -64.788	auto_ammo 2
ttt_random_weapon	-308.911255 -740.211609 -26.864975	9.085 -9.713 -98.577	auto_ammo 2
ttt_random_weapon	627.271667 -429.687958 -28.119370	7.431 -5.045 -60.247	auto_ammo 2
ttt_random_weapon	618.852051 -469.594543 -28.119787	7.453 -5.046 -60.249	auto_ammo 2
ttt_random_weapon	586.062012 31.428902 -29.699102	4.616 -5.480 -36.683	auto_ammo 2
ttt_random_weapon	587.232056 -32.474358 -29.725805	3.879 -5.546 -37.452	auto_ammo 2
ttt_random_weapon	944.627258 598.211975 -29.131361	7.270 -5.587 -59.970	auto_ammo 2
ttt_random_weapon	875.041138 542.963501 -27.874176	9.123 -11.331 -97.593	auto_ammo 2
ttt_random_weapon	1054.921387 1185.548950 -27.869217	9.136 -11.342 -98.230	auto_ammo 2
ttt_random_weapon	1051.850952 1103.206299 -27.872324	9.160 -10.285 -97.941	auto_ammo 2
ttt_random_weapon	1470.455444 526.638489 -27.871496	9.188 -12.570 -98.148	auto_ammo 2
ttt_random_weapon	1483.929077 294.852844 -27.872917	9.143 -10.265 -97.810	auto_ammo 2
ttt_random_weapon	1477.647827 82.758842 -27.866697	9.119 -11.377 -98.487	auto_ammo 2
ttt_random_weapon	1492.614014 -104.335403 -27.873669	9.119 -10.238 -97.637	auto_ammo 2
ttt_random_weapon	1484.424316 -330.291748 -27.871529	9.192 -10.317 -98.158	auto_ammo 2
ttt_random_weapon	1102.253174 -294.115112 5.124511	9.136 -11.067 -97.491	auto_ammo 2
ttt_random_weapon	-114.740494 -774.887939 -28.425455	7.158 -10.221 -97.724	auto_ammo 2
ttt_random_weapon	-123.560219 -736.711975 -29.659657	5.160 -4.654 -59.127	auto_ammo 2
ttt_random_weapon	-176.268707 -547.415344 -29.374126	8.177 -13.393 -68.793	auto_ammo 2
ttt_random_weapon	-196.328934 -476.222015 -28.970705	7.624 -17.304 -87.546	auto_ammo 2
ttt_random_weapon	784.422241 -441.897858 -28.118000	7.362 -5.044 -60.240	auto_ammo 2
ttt_random_weapon	771.631409 -501.332764 -27.726013	10.259 -7.752 -69.185	auto_ammo 2
ttt_random_weapon	728.491394 -14.837388 -27.052076	0.509 25.263 124.846	auto_ammo 2
ttt_random_weapon	728.077087 -59.764282 -25.197714	-31.579 9.329 -79.835	auto_ammo 2
ttt_random_weapon	780.640137 729.931580 -28.120039	7.466 -5.047 -60.251	auto_ammo 2
ttt_random_weapon	737.673645 680.137695 -28.119427	7.434 -5.045 -60.247	auto_ammo 2
ttt_random_weapon	-127.879341 877.415344 84.259926	10.140 -6.127 -68.816	auto_ammo 2
ttt_random_weapon	-162.825668 876.374634 85.130951	9.144 -21.224 -98.283	auto_ammo 2
ttt_random_weapon	-78.813530 882.829346 85.129700	9.155 -11.330 -98.169	auto_ammo 2
ttt_random_weapon	7.194976 28.846785 293.130585	9.123 -12.969 -98.155	auto_ammo 2
ttt_random_weapon	84.271568 126.149910 293.126678	9.128 -12.875 -97.709	auto_ammo 2
ttt_random_weapon	240.467163 52.934593 293.133362	9.142 -13.035 -98.588	auto_ammo 2
ttt_random_weapon	310.570068 2.454689 293.129242	9.115 -12.939 -97.964	auto_ammo 2
ttt_random_weapon	222.162277 -26.494183 293.129883	9.119 -12.953 -98.055	auto_ammo 2
ttt_random_weapon	171.612335 31.165333 293.131073	9.127 -12.981 -98.231	auto_ammo 2
ttt_random_weapon	394.368988 -171.357986 -138.870331	9.093 -11.525 -97.931	auto_ammo 2
ttt_random_weapon	206.761536 -87.797859 -138.867355	9.093 -11.580 -98.297	auto_ammo 2
ttt_random_weapon	311.147491 -69.096802 -138.862869	9.095 -11.661 -98.910	auto_ammo 2
ttt_random_weapon	191.053589 157.822723 -138.869385	9.094 -11.542 -98.051	auto_ammo 2
ttt_random_weapon	354.377869 143.664658 -138.863251	9.089 -11.654 -98.832	auto_ammo 2
ttt_random_weapon	1347.420776 1135.880005 -27.866259	9.126 -11.632 -98.663	auto_ammo 2
ttt_random_weapon	1443.223633 1009.763367 -27.871431	9.135 -11.299 -97.957	auto_ammo 2
ttt_random_weapon	1187.590332 1172.082031 -27.870214	9.159 -11.334 -98.195	auto_ammo 2
ttt_random_weapon	1196.222900 1109.969727 -27.873148	9.136 -10.256 -97.756	auto_ammo 2
ttt_random_weapon	1323.271606 1067.853027 -27.871408	9.196 -10.321 -98.191	auto_ammo 2
ttt_random_weapon	-827.106445 -175.009445 3.880519	7.437 -5.045 -60.247	auto_ammo 2
ttt_random_weapon	-1240.914551 246.610336 -28.118841	7.405 -5.044 -60.244	auto_ammo 2
ttt_random_weapon	-1233.431519 177.297699 -28.119043	7.415 -5.045 -60.245	auto_ammo 2
ttt_random_weapon	-1371.953857 235.889267 -28.117250	7.324 -5.043 -60.236	auto_ammo 2
ttt_random_weapon	-1365.893311 156.993378 -27.872017	9.807 -7.179 -67.465	auto_ammo 2
ttt_random_weapon	-1303.372681 -808.865295 -28.118992	7.412 -5.045 -60.245	auto_ammo 2
ttt_random_weapon	-1302.687134 -612.615601 -28.118038	7.364 -5.044 -60.240	auto_ammo 2
ttt_random_weapon	-1315.748657 -256.518188 -28.118347	7.380 -5.044 -60.242	auto_ammo 2
ttt_random_weapon	-1322.450439 -85.976089 -28.118607	7.393 -5.044 -60.243	auto_ammo 2
ttt_random_weapon	-1279.940308 -710.952576 -28.117859	7.355 -5.044 -60.239	auto_ammo 2
ttt_random_weapon	-1308.714600 -160.921875 -28.117760	7.350 -5.044 -60.239	auto_ammo 2
ttt_random_weapon	-1396.903687 766.299133 -26.871609	9.189 -10.314 -98.137	auto_ammo 2
ttt_random_weapon	-1266.983276 760.643677 -26.873009	9.111 -11.257 -97.685	auto_ammo 2
ttt_random_weapon	-1172.856323 765.071472 -26.866808	9.128 -11.737 -98.510	auto_ammo 2
ttt_random_weapon	-1482.788574 1150.385498 -27.706076	10.460 -5.754 -69.895	auto_ammo 2
ttt_random_weapon	-1320.215942 1145.968262 -26.865095	9.131 -11.420 -98.758	auto_ammo 2
ttt_random_weapon	-1184.328247 1140.216553 -26.871508	9.171 -11.315 -98.081	auto_ammo 2
ttt_random_weapon	-1447.658569 1053.067139 -26.870075	9.193 -11.353 -98.349	auto_ammo 2
ttt_random_weapon	-1272.612305 1049.953247 -26.870794	9.180 -11.333 -98.203	auto_ammo 2
ttt_random_weapon	-1177.161987 1046.721680 -26.871063	9.104 -10.369 -97.884	auto_ammo 2
item_box_buckshot_ttt	536.408997 488.857025 -20.025723	-1.737 0.868 5.978
item_box_buckshot_ttt	539.339661 503.172058 -19.228346	-1.488 -0.103 2.694
item_ammo_357_ttt	467.682739 320.520416 175.947723	0.424 0.143 -4.103
item_ammo_357_ttt	453.602509 319.947083 175.958084	0.399 0.150 -4.166
item_ammo_357_ttt	471.352692 335.151581 174.875183	0.370 0.165 -4.239
item_ammo_357_ttt	637.983887 1193.914673 36.866020	10.737 -2.539 -8.989
item_ammo_357_ttt	652.995361 1193.237427 34.730938	9.633 0.060 -8.776
item_ammo_357_ttt	637.797729 1163.396729 36.533230	11.379 -0.052 2.802
item_ammo_357_ttt	-100.627533 1179.515015 26.471579	-9.372 0.039 1.155
item_ammo_357_ttt	-100.908737 1146.688477 26.354057	-8.524 -0.063 -0.794
item_ammo_357_ttt	-82.157639 1186.536499 29.505484	-7.984 0.464 2.047
ttt_random_ammo	437.312561 1160.292603 -0.516916	0.982 -1.155 105.134
ttt_random_ammo	509.801697 1164.196289 3.724308	-5.695 0.881 -0.512
ttt_random_ammo	560.908997 1120.805420 1.955619	-13.148 -4.168 99.548
ttt_random_ammo	555.578613 1054.603271 -7.811776	-10.798 0.184 0.068
ttt_random_ammo	564.343628 974.401062 -2.491398	-71.661 119.577 -145.619
ttt_random_ammo	567.306152 872.468628 -10.388464	-6.245 1.242 4.106
ttt_random_ammo	561.497131 877.530273 -10.572275	-7.079 24.537 3.505
ttt_random_ammo	556.737427 798.575134 -6.950507	-83.829 179.538 175.356
ttt_random_ammo	560.024719 747.657959 -4.391275	-71.214 -160.305 -168.769
ttt_random_ammo	1037.165283 352.607971 -15.646355	-0.330 -0.003 0.269
ttt_random_ammo	972.403320 367.619568 -15.638052	-0.312 -0.003 0.251
ttt_random_ammo	915.203064 351.925995 -15.634078	-0.304 -0.003 0.242
ttt_random_ammo	995.235962 405.182922 -15.599814	-0.305 -0.003 0.081
ttt_random_ammo	1028.755249 440.424683 -15.619301	-0.280 -0.003 0.202
ttt_random_ammo	1017.551270 390.974731 -15.610859	-0.276 -0.003 0.167
ttt_random_ammo	951.814575 428.755066 -15.536158	-1.502 0.027 -1.608
ttt_random_ammo	942.777771 391.425629 -15.607624	-0.279 -0.003 0.148
ttt_random_ammo	1494.687866 1166.594482 -32.567738	1.143 0.029 1.356
ttt_random_ammo	1459.855347 1184.408936 -32.553570	0.002 0.075 -0.032
ttt_random_ammo	1473.177368 1136.301270 -32.631618	0.278 0.350 0.624
ttt_random_ammo	1506.411621 1144.405396 -32.618176	0.157 0.279 0.427
ttt_random_ammo	1475.960083 1168.942139 -32.608307	-0.167 -1.983 -0.332
ttt_random_ammo	1455.715210 1155.343872 -32.609013	-0.563 0.114 -0.435
ttt_random_ammo	387.573883 185.272720 144.387344	-0.276 0.003 -0.174
ttt_random_ammo	383.852783 153.162842 144.347076	-0.344 -0.003 0.282
ttt_random_ammo	303.616669 120.444084 228.644043	0.656 0.006 0.748
ttt_random_ammo	304.696289 146.268845 228.564560	0.047 0.000 -0.037
ttt_random_ammo	174.411346 159.209213 200.346222	0.334 0.003 0.273
ttt_random_ammo	224.679382 -255.949478 58.765091	0.057 0.000 0.007
ttt_random_ammo	301.382507 -236.132935 16.228537	-0.020 -0.277 -0.071
ttt_random_ammo	470.092957 -38.419029 31.318941	0.048 0.000 -0.040
ttt_random_ammo	372.731995 146.460510 36.395535	-0.285 -0.003 0.126
ttt_random_ammo	389.255188 153.314575 36.400116	-0.305 0.003 -0.081
ttt_random_ammo	377.983032 118.922020 36.382267	-0.278 0.003 -0.195
ttt_random_ammo	296.955841 208.889038 36.413990	-0.502 -0.003 -0.214
ttt_random_ammo	294.732635 160.061890 36.400181	-0.305 -0.003 0.081
ttt_random_ammo	298.574890 181.654404 36.378769	-0.282 0.003 -0.207
ttt_random_ammo	289.262207 372.943726 17.096815	0.702 -0.016 -0.418
ttt_random_ammo	297.049652 517.747803 29.265976	0.106 0.000 0.073
ttt_random_ammo	325.153259 512.363098 29.281490	0.729 0.007 0.840
ttt_random_ammo	373.893005 482.862091 24.078371	0.048 -0.000 0.039
ttt_random_ammo	445.981171 416.381378 24.148384	-0.016 -0.231 -0.092
ttt_random_ammo	444.782623 389.481659 24.091919	-0.093 -0.172 -0.211
ttt_random_ammo	378.075867 410.704315 22.029835	0.038 0.000 -0.037
ttt_random_ammo	381.637146 389.963989 22.066271	-0.014 0.000 -0.079
ttt_random_ammo	180.747467 275.806091 40.256260	0.327 -0.002 -0.346
ttt_random_ammo	200.381592 279.324493 40.182358	0.046 -0.000 0.036
ttt_random_ammo	111.601303 270.527954 66.387489	-0.275 -0.003 0.175
ttt_random_ammo	90.214340 227.416443 38.386620	0.264 0.003 0.167
ttt_random_ammo	182.503555 229.088776 38.384998	0.264 0.003 0.174
ttt_random_ammo	212.220184 226.724899 38.361309	0.298 0.003 0.239
ttt_random_ammo	251.437958 199.653473 38.375420	-0.280 -0.003 0.217
ttt_random_ammo	49.957878 128.029358 38.367943	-0.294 -0.003 0.235
ttt_random_ammo	206.286743 36.229477 96.433983	1.730 0.031 1.865
ttt_random_ammo	180.980057 35.085243 96.355194	0.309 0.003 0.251
ttt_random_ammo	-95.123444 418.252411 34.361950	-0.312 -0.003 0.251
ttt_random_ammo	-97.862762 378.576233 34.406715	0.001 -0.122 -0.106
ttt_random_ammo	-70.354607 417.736206 34.394192	-0.544 0.326 -0.681
ttt_random_ammo	-73.321960 371.972595 34.465115	-1.531 0.027 -1.646
ttt_random_ammo	22.040277 428.936401 40.207458	0.037 0.000 -0.034
ttt_random_ammo	37.510235 438.113434 40.315933	-1.652 -0.043 2.009
ttt_random_ammo	-102.272652 545.811951 32.447975	1.245 -0.023 -1.329
ttt_random_ammo	-77.851387 555.795654 32.350651	0.325 0.003 0.264
ttt_random_ammo	-47.432663 552.966675 32.400101	-0.303 0.003 -0.083
ttt_random_ammo	-25.272808 -263.880219 0.456028	-1.634 -0.026 1.719
ttt_random_ammo	-67.885826 -265.908264 0.365779	-0.314 -0.003 0.245
ttt_random_ammo	-101.762733 -251.923691 0.348147	0.339 0.003 0.274
ttt_random_ammo	-133.463715 -194.136673 40.457123	-1.859 0.032 -1.993
ttt_random_ammo	-132.428970 -55.025890 18.648321	-0.043 0.000 0.029
ttt_random_ammo	-131.691101 -19.073109 18.721165	0.001 0.125 0.069
ttt_random_ammo	-130.401810 4.770218 18.707632	-0.329 0.002 -0.348
ttt_random_ammo	-1.788995 83.125450 0.398781	-0.337 -0.003 0.061
ttt_random_ammo	-95.790894 82.560860 0.378844	-0.295 -0.003 0.205
ttt_random_ammo	45.873959 -50.529217 32.984840	-0.038 0.000 -0.107
ttt_random_ammo	150.639328 -33.790890 0.360841	0.314 0.003 0.245
ttt_random_ammo	185.321320 -21.777248 0.377746	0.293 0.003 0.191
ttt_random_ammo	-118.099670 88.195419 163.776215	0.091 0.000 0.052
ttt_random_ammo	-92.777756 86.059746 163.717072	0.045 0.000 -0.035
ttt_random_ammo	-53.873756 -33.704113 184.203384	0.042 -0.000 0.029
ttt_random_ammo	432.651459 -11.926340 288.463928	-1.521 -0.027 1.626
ttt_random_ammo	428.444427 -54.123486 288.373505	-0.290 -0.003 0.223
ttt_random_ammo	412.599548 -85.946808 288.419220	-0.653 0.002 0.415
ttt_random_ammo	404.474152 0.677568 288.465546	-1.484 0.026 -1.593
ttt_random_ammo	390.934784 -45.118404 288.377167	-0.284 -0.003 0.213
ttt_random_ammo	374.855927 -84.745911 288.422516	-0.816 -0.001 -0.624
ttt_random_ammo	241.570847 -163.737579 288.401703	-0.314 -0.003 0.063
ttt_random_ammo	193.665573 -152.532211 288.398651	-0.297 -0.003 0.098
ttt_random_ammo	225.382874 -123.124809 288.409271	-0.396 -0.003 -0.068
ttt_random_ammo	249.546494 -116.881287 288.351471	-0.334 -0.003 0.273
ttt_random_ammo	203.124451 -100.518707 288.404724	-0.339 -0.003 0.020
ttt_random_ammo	22.143555 -90.800346 288.466949	-1.373 0.024 -1.471
ttt_random_ammo	-9.689235 -74.065605 288.359924	-0.316 -0.003 0.255
ttt_random_ammo	40.813648 -60.317940 288.378937	-0.282 -0.003 0.207
ttt_random_ammo	14.008445 -38.506462 288.384125	-0.277 -0.003 0.189
ttt_random_ammo	384.722687 240.105408 144.403183	-0.325 0.003 -0.044
ttt_random_ammo	-137.944565 378.753876 144.431122	1.502 -0.026 -1.571
ttt_random_ammo	-117.911469 380.266022 144.377747	0.293 0.003 0.191
ttt_random_ammo	34.587925 457.542389 148.679932	-1.426 -0.023 1.819
ttt_random_ammo	34.024872 462.389252 182.707077	-0.086 0.000 -0.172
ttt_random_ammo	34.480522 442.276154 182.692047	0.000 0.000 -0.076
ttt_random_ammo	33.161034 462.740417 200.697800	-0.131 0.238 -0.044
ttt_random_ammo	32.851307 444.111206 200.700073	-0.165 0.172 -0.029
ttt_random_ammo	31.639858 466.430023 231.342560	-0.017 -0.171 -0.078
ttt_random_ammo	34.334042 445.265686 231.258530	0.020 0.000 -0.074
ttt_random_ammo	34.879402 22.485287 160.826981	-0.035 0.560 -0.190
ttt_random_ammo	468.963745 23.320597 184.805466	0.544 -0.008 -0.560
ttt_random_ammo	230.489807 -246.933151 184.215866	0.043 -0.000 0.021
ttt_random_ammo	213.693970 -244.072037 184.290619	-2.037 -0.012 -1.655
ttt_random_ammo	395.561096 -254.474609 177.938553	0.042 -0.000 0.033
ttt_random_ammo	474.619324 -212.004868 186.383987	-0.277 0.003 -0.189
ttt_random_ammo	473.321747 -182.093628 186.464111	-1.578 0.026 -1.695
ttt_random_ammo	472.038361 -153.422607 186.389145	-0.276 -0.003 0.167
ttt_random_ammo	472.622589 -124.286797 186.476257	-0.958 0.019 -1.029
ttt_random_ammo	427.773895 -23.826458 180.624313	0.045 0.000 -0.034
ttt_random_ammo	277.408173 -32.208275 160.773529	-0.180 0.473 0.252
ttt_random_ammo	-283.956696 -548.914368 30.408257	-3.359 0.254 0.305
ttt_random_ammo	-260.892792 -550.088501 30.741230	0.252 0.050 -0.654
ttt_random_ammo	-303.848572 -479.122498 9.892999	-4.386 3.894 -10.048
ttt_random_ammo	-273.451569 -471.739868 12.296597	0.448 1.684 -100.133
ttt_random_ammo	-239.370026 -782.330261 30.233734	-7.824 -0.506 1.508
ttt_random_ammo	-219.935928 -773.700562 30.701700	-0.044 0.211 -0.333
ttt_random_ammo	-257.976715 -705.331909 8.870516	-4.283 3.347 -7.467
ttt_random_ammo	-232.574219 -693.482849 10.466455	-1.817 -3.387 -100.107
ttt_random_ammo	-323.903259 -109.815086 58.272976	-7.611 -0.294 -0.011
ttt_random_ammo	-296.892456 -121.961105 58.517139	1.329 0.032 1.591
ttt_random_ammo	-329.062347 -191.345566 57.667988	-7.776 -0.307 -0.016
ttt_random_ammo	-326.782928 -148.927643 57.954987	-7.191 -3.265 0.419
ttt_random_ammo	-283.926544 -169.229004 57.798923	7.503 -0.644 -0.095
ttt_random_ammo	-310.398193 -217.862045 58.521427	1.276 0.032 1.531
ttt_random_ammo	-305.800018 -171.698303 58.460533	0.082 0.000 0.034
ttt_random_ammo	-289.694763 -217.696060 58.382145	7.402 -0.170 0.082
ttt_random_ammo	-24.807730 862.724487 -22.495880	0.046 0.000 -0.018
ttt_random_ammo	-28.500862 892.142334 -22.502153	0.044 0.000 -0.023
ttt_random_ammo	-30.702885 893.068970 3.432202	0.050 0.000 -0.010
ttt_random_ammo	-28.631094 868.723877 3.428249	0.047 0.000 -0.016
ttt_random_ammo	-24.924698 867.463196 29.174025	0.064 0.000 0.012
ttt_random_ammo	-29.906021 892.084961 29.214476	1.661 0.040 1.982
ttt_random_ammo	-29.814070 895.791809 53.760296	-0.190 -12.533 -89.537
ttt_random_ammo	-30.178740 869.257385 53.695316	-0.326 -12.503 -89.155
ttt_random_ammo	-31.334423 936.688416 36.420536	-0.325 0.002 -0.318
ttt_random_ammo	-54.552586 1052.398682 36.477352	-1.420 0.031 -1.701
ttt_random_ammo	-161.692215 1088.597534 29.190161	0.161 0.001 0.138
ttt_random_ammo	-130.449677 1090.419922 29.162737	0.048 0.000 -0.013
ttt_random_ammo	-157.725693 1091.898804 3.400139	-0.045 -0.000 -0.032
ttt_random_ammo	-129.241760 1091.120239 3.451632	0.105 0.000 0.068
ttt_random_ammo	-161.560333 1094.303345 -22.453960	-0.374 -0.002 0.401
ttt_random_ammo	-131.129059 1091.808228 -22.391142	0.830 0.025 1.009
ttt_random_ammo	-159.633743 1092.687378 51.457172	0.045 0.000 -0.034
ttt_random_ammo	-131.978134 1090.512939 51.459614	0.045 0.000 -0.033
ttt_random_ammo	-240.943130 1049.983643 4.376698	0.093 -0.000 -0.025
ttt_random_ammo	-271.405273 1050.966064 36.416458	-0.100 0.000 -0.033
ttt_random_ammo	-236.832550 1079.663330 36.432175	-0.239 0.001 -0.208
ttt_random_ammo	-272.111084 1092.462891 36.423698	0.137 -0.000 -0.082
ttt_random_ammo	-347.283600 887.287598 8.357903	-0.048 0.000 0.017
ttt_random_ammo	-319.282013 913.439209 8.400035	0.672 0.006 0.765
ttt_random_ammo	-350.276550 934.687195 8.339478	0.045 0.000 -0.030
ttt_random_ammo	-320.788910 965.327087 8.398497	0.502 0.004 0.558
ttt_random_ammo	-356.539825 925.705139 112.433342	1.635 -0.027 -1.745
ttt_random_ammo	-275.971832 925.225586 112.346230	0.334 0.003 0.273
ttt_random_ammo	-206.317978 921.538696 112.363136	0.300 0.003 0.237
ttt_random_ammo	-180.827972 1063.033325 114.400688	0.353 0.003 -0.003
ttt_random_ammo	-77.212189 1071.005127 114.376305	0.279 0.003 0.202
ttt_random_ammo	-136.391022 1071.420044 114.389549	0.280 0.003 0.140
ttt_random_ammo	125.175041 667.836182 8.634320	0.097 -0.000 -0.054
ttt_random_ammo	97.372276 667.627319 8.615156	0.052 -0.000 0.011
ttt_random_ammo	109.781570 644.267151 8.621273	0.059 -0.000 -0.000
ttt_random_ammo	149.434814 -100.007736 -86.829613	0.057 0.000 0.001
ttt_random_ammo	149.294662 -67.394844 -86.854126	0.044 0.000 -0.028
ttt_random_ammo	154.779984 -94.633278 -138.499908	0.047 -0.000 0.018
ttt_random_ammo	154.099487 -63.090485 -138.489899	0.050 0.000 -0.010
ttt_random_ammo	148.398422 -94.444038 -112.565865	0.052 0.000 -0.007
ttt_random_ammo	148.443085 -62.659851 -112.605721	0.046 0.000 -0.035
ttt_random_ammo	148.460510 -91.642464 -62.202930	-0.990 -14.355 -89.924
ttt_random_ammo	149.510162 -65.399170 -62.310417	-0.389 -12.560 -89.100
ttt_random_ammo	442.176605 166.284271 -108.515007	0.077 0.000 0.031
ttt_random_ammo	444.616272 192.359314 -108.433258	0.818 0.025 0.988
ttt_random_ammo	436.145447 216.543716 -108.500008	0.228 0.001 0.222
ttt_random_ammo	393.009796 208.558746 -108.570038	0.047 0.000 -0.036
ttt_random_ammo	286.178497 219.037552 -105.895149	0.043 -0.000 0.021
ttt_random_ammo	255.022263 222.603668 -105.903305	0.035 0.000 -0.037
ttt_random_ammo	150.418488 218.545654 -103.635963	-0.302 -0.003 0.244
ttt_random_ammo	71.678238 169.245407 -103.628265	-0.287 -0.003 0.226
ttt_random_ammo	82.124168 138.688477 -103.610840	-0.265 -0.003 0.173
ttt_random_ammo	114.656921 175.085953 -107.836708	0.070 0.158 0.825
ttt_random_ammo	691.088501 -470.766632 31.531767	-1.735 -0.645 0.106
ttt_random_ammo	706.677917 -458.203552 30.923939	6.741 1.340 -2.808
ttt_random_ammo	685.029724 -403.319183 7.878832	1.709 -1.575 -6.648
ttt_random_ammo	715.597595 -402.257233 6.694105	1.627 -1.422 -8.188
ttt_random_ammo	687.516907 -535.083923 10.561778	1.640 0.323 -0.458
ttt_random_ammo	707.883850 -533.310730 10.168351	1.478 0.366 -0.504
ttt_random_ammo	-1316.483276 206.363312 30.567076	-3.644 -0.134 -0.031
ttt_random_ammo	-1296.752563 206.944550 30.605251	3.622 0.719 -0.044
ttt_random_ammo	-1323.303711 286.229980 8.559120	-0.302 13.253 -10.488
ttt_random_ammo	-1304.553345 289.054352 10.704710	0.019 -1.871 -101.087
ttt_random_ammo	-981.888611 1141.021729 -3.138196	-2.285 -5.053 114.777
ttt_random_ammo	-887.514221 1163.337402 -1.927249	-0.963 4.578 104.183
ttt_random_ammo	-784.427979 1180.596802 -3.006682	81.028 64.388 73.330
ttt_random_ammo	-695.614014 1164.697876 -3.588500	-0.459 1.989 106.233
ttt_random_ammo	-609.559143 1156.391846 -6.263435	3.172 -7.152 100.884
weapon_zm_rifle	469.914520 292.848816 178.523407	0.488 0.034 -92.302
weapon_zm_rifle	632.428833 1182.921143 36.884872	9.641 7.276 67.831
weapon_zm_rifle	-95.352440 1161.204224 27.495230	-7.019 -5.460 -85.941
ttt_playerspawn	134.485214 1025.553223 -20.316044	3.263 -0.271 -4.809
ttt_playerspawn	293.101257 994.259705 -16.821230	-2.649 -0.356 -1.302
ttt_playerspawn	118.016388 927.322144 -19.852308	-3.266 0.189 2.444
ttt_playerspawn	246.620087 889.766907 -15.590317	-3.861 0.038 -2.465
ttt_playerspawn	-137.872269 930.701477 -27.463949	-0.062 -0.000 0.062
ttt_playerspawn	-289.830933 97.138405 -31.473244	0.072 0.000 0.072
ttt_playerspawn	-378.309387 117.122879 -31.484913	-0.301 0.065 -0.031
ttt_playerspawn	-297.238373 225.077866 -31.478689	0.125 -0.007 0.324
ttt_playerspawn	-361.973877 220.727356 -31.440519	0.026 -0.147 0.154
ttt_playerspawn	-290.465607 310.738800 -31.478971	-0.077 -0.000 0.077
ttt_playerspawn	-353.573975 313.389679 -31.462051	-0.061 -0.000 0.061
ttt_playerspawn	-266.097168 -360.921722 -31.473236	-0.072 -0.000 0.072
ttt_playerspawn	-346.571075 -359.495514 -31.481386	-0.080 -0.000 0.080
ttt_playerspawn	890.040588 -454.726715 -31.433483	-0.033 -0.000 0.033
ttt_playerspawn	1040.423950 -468.420288 -31.452473	0.065 -0.135 0.231
ttt_playerspawn	906.757996 -555.339111 -32.429737	0.108 0.088 -0.108
ttt_playerspawn	998.570190 -544.138306 -32.428146	0.093 -0.019 -0.104
ttt_playerspawn	667.661987 -256.739532 -31.475479	-0.074 -0.000 0.074
ttt_playerspawn	668.909424 -151.824661 -31.454184	-0.053 -0.000 0.053
ttt_playerspawn	666.031494 158.439362 -31.435026	-0.034 -0.000 0.034
ttt_playerspawn	660.997803 300.210480 -31.487766	0.086 0.000 0.086
ttt_playerspawn	661.109314 456.989014 -31.448038	0.047 0.000 0.047
ttt_playerspawn	660.942627 584.897644 -31.468952	-0.067 -0.000 0.067
ttt_playerspawn	660.628296 694.148682 -31.459311	-0.058 -0.000 0.058
ttt_playerspawn	196.549301 957.367981 -20.497650	-1.230 -0.003 -0.058
ttt_playerspawn	330.066589 902.293945 -14.004428	5.544 -0.061 -0.215
ttt_playerspawn	136.571030 827.648132 -22.002527	-6.303 0.819 1.741
ttt_playerspawn	279.304230 791.374512 -18.655561	0.298 -5.284 7.200
ttt_playerspawn	-1319.714600 -413.368713 -31.453375	-0.052 -0.000 0.052
ttt_playerspawn	-1318.787354 -523.987061 -31.455841	-0.054 -0.000 0.055
ttt_playerspawn	-1175.566040 -407.302612 -32.043076	-2.932 -0.551 0.028
ttt_playerspawn	-1168.811646 -533.198975 -31.754230	-3.497 0.001 -0.000
item_ammo_revolver_ttt	42.587021 -347.121826 -34.628033	-1.084 0.242 6.940
item_ammo_revolver_ttt	25.967394 -357.014771 -35.842358	0.305 -0.344 4.938
item_ammo_revolver_ttt	28.641987 -341.804199 -34.310211	0.271 0.485 8.992
item_ammo_revolver_ttt	-1502.889038 536.736450 -31.683826	1.028 -0.080 -0.209
item_ammo_revolver_ttt	-1492.512329 536.694153 -31.663109	0.515 -0.048 -0.007
item_ammo_revolver_ttt	-1506.545898 607.877991 -31.666981	0.537 -0.047 -0.006
item_ammo_revolver_ttt	-1492.022827 605.591614 -31.664911	0.598 0.052 -0.005
item_ammo_revolver_ttt	-514.900757 216.497498 -30.471533	-6.866 -0.439 0.150
item_ammo_revolver_ttt	-512.255310 265.759155 -30.838846	-3.543 0.903 -0.076
item_ammo_revolver_ttt	-496.123108 225.848450 -28.748398	-1.109 -0.034 -2.083
item_ammo_revolver_ttt	-445.832764 1188.251099 -31.595716	-0.343 -0.004 0.289
item_ammo_revolver_ttt	-446.709259 1146.448608 -31.669378	0.635 -0.010 -0.008
item_ammo_revolver_ttt	-419.102661 1148.922485 -30.838964	-3.640 0.394 2.971
weapon_zm_shotgun	566.463562 494.811005 -18.347057	-1.689 8.052 95.059
weapon_zm_sledge	96.395454 -75.320465 -146.191544	18.634 -0.430 2.992
weapon_zm_sledge	98.081261 -29.703859 -146.191544	18.634 -0.355 2.992
weapon_zm_sledge	98.531769 20.016975 -146.191544	18.634 -0.316 2.992
weapon_zm_sledge	102.133911 51.280499 -146.187027	19.019 -5.557 3.010
weapon_zm_sledge	101.257668 -11.384298 -146.191544	18.634 -0.320 2.992
weapon_zm_sledge	101.691673 -58.484821 -146.191544	18.634 -0.323 2.992
weapon_zm_sledge	98.396149 47.391155 -141.299332	0.420 16.218 88.341
weapon_zm_sledge	102.223740 -3.025493 -146.191544	18.634 -0.340 2.992
weapon_zm_revolver	43.910244 -354.647461 -34.909374	-1.349 30.637 88.302
weapon_zm_revolver	-1502.227661 579.189819 -31.186487	2.172 -17.488 -83.594
weapon_zm_revolver	-514.944580 238.667603 -29.819195	-3.627 -24.650 -84.113
weapon_zm_revolver	-433.660248 1168.025269 -30.575771	-0.536 -14.721 -82.233
