# Trouble in Terrorist Town weapon/ammo placement overrides
# For map: ttt_vessel
# Exported by: amber
setting:	replacespawns 1
weapon_ttt_smokegrenade	-504.862854 -1981.447510 384.179260	-1.852 -1.448 -1.012
weapon_ttt_smokegrenade	-405.798492 -1983.283813 428.121063	26.573 -99.051 90.773
weapon_ttt_smokegrenade	-405.348694 -2030.524658 428.134735	25.704 -97.013 91.265
ttt_random_weapon	-163.371124 -2018.076050 1231.283691	0.000 -30.965 0.000	auto_ammo 2
ttt_random_weapon	-145.541000 -1994.810059 1225.369995	0.000 0.000 0.000	auto_ammo 2
ttt_random_weapon	-148.975998 -2009.660034 1001.369995	0.000 0.000 0.000	auto_ammo 2
ttt_random_weapon	353.294006 -2068.229980 746.372986	0.000 0.000 0.000	auto_ammo 2
ttt_random_weapon	468.489014 -2166.530029 617.372986	0.000 0.000 0.000	auto_ammo 2
ttt_random_weapon	-238.013000 -2181.429932 467.246002	0.000 0.000 0.000	auto_ammo 2
ttt_random_weapon	-238.044006 -2142.649902 467.246002	0.000 0.000 0.000	auto_ammo 2
ttt_random_weapon	-181.350006 -1967.500000 393.372986	0.000 0.000 0.000	auto_ammo 2
ttt_random_weapon	-179.184006 -2019.180054 393.372986	0.000 0.000 0.000	auto_ammo 2
ttt_random_weapon	143.281006 -2218.530029 450.782990	0.000 0.000 0.000	auto_ammo 2
ttt_random_weapon	-14.511500 -2251.290039 875.372986	0.000 0.000 0.000	auto_ammo 2
ttt_random_weapon	-511.522003 -2271.129883 1169.369995	0.000 0.000 0.000	auto_ammo 2
ttt_random_weapon	-277.462006 -700.260010 653.765015	0.000 0.000 0.000	auto_ammo 2
ttt_random_weapon	-281.386993 -745.307983 653.765015	0.000 0.000 0.000	auto_ammo 2
ttt_random_weapon	-23.192200 -483.808014 909.372986	0.000 0.000 0.000	auto_ammo 2
ttt_random_weapon	-35.643101 1489.319946 1005.369995	0.000 0.000 0.000	auto_ammo 2
ttt_random_weapon	-287.084015 2133.560059 401.372986	0.000 0.000 0.000	auto_ammo 2
ttt_random_weapon	-55.632000 -737.309998 80.719002	0.000 0.000 0.000	auto_ammo 2
ttt_random_weapon	-120.295998 -1435.140015 -40.937099	0.000 0.000 0.000	auto_ammo 2
ttt_random_weapon	-26.917601 -1455.849976 32.000000	0.000 0.000 0.000	auto_ammo 2
ttt_random_weapon	-64.153603 -1458.089966 32.000000	0.000 0.000 0.000	auto_ammo 2
ttt_random_weapon	714.552002 -2251.879883 526.650024	0.000 0.000 0.000	auto_ammo 2
ttt_random_weapon	716.169006 -2284.330078 526.650024	0.000 0.000 0.000	auto_ammo 2
ttt_random_weapon	-752.268982 -2338.750000 527.315979	0.000 0.000 0.000	auto_ammo 2
ttt_random_weapon	-753.232971 -2354.270020 527.315979	0.000 0.000 0.000	auto_ammo 2
ttt_random_weapon	-162.496994 -1982.689941 1001.369995	0.000 0.000 0.000	auto_ammo 2
ttt_random_weapon	-348.058014 -2389.550049 746.372986	0.000 0.000 0.000	auto_ammo 2
ttt_random_weapon	-193.518997 -2452.250000 155.229996	0.000 0.000 0.000	auto_ammo 2
ttt_random_weapon	-183.326996 -2480.350098 155.229996	0.000 0.000 0.000	auto_ammo 2
ttt_random_weapon	-270.256012 1977.219971 489.372986	0.000 0.000 0.000	auto_ammo 2
ttt_random_weapon	-270.537994 2036.290039 489.372986	0.000 0.000 0.000	auto_ammo 2
ttt_random_weapon	459.929993 1834.410034 489.372986	0.000 0.000 0.000	auto_ammo 2
ttt_random_weapon	467.056000 1879.630005 489.372986	0.000 0.000 0.000	auto_ammo 2
ttt_random_weapon	-19.307301 -205.740005 523.150024	0.000 0.000 0.000	auto_ammo 2
ttt_random_weapon	49.065102 -204.996002 523.150024	0.000 0.000 0.000	auto_ammo 2
ttt_random_weapon	-117.208000 -1630.829956 192.009003	0.000 0.000 0.000	auto_ammo 2
ttt_random_weapon	-24.000000 -116.000000 64.508499	0.000 0.000 0.000	auto_ammo 2
ttt_random_weapon	-21.823400 -139.311005 64.508598	0.000 0.000 0.000	auto_ammo 2
ttt_random_weapon	-21.378300 -161.205994 64.508598	0.000 0.000 0.000	auto_ammo 2
ttt_random_weapon	-19.444901 -182.938995 64.508499	0.000 0.000 0.000	auto_ammo 2
ttt_random_weapon	-20.365400 -204.149994 64.508499	0.000 0.000 0.000	auto_ammo 2
ttt_random_weapon	-22.075199 -233.143997 64.508499	0.000 0.000 0.000	auto_ammo 2
ttt_random_weapon	-20.724899 -263.069000 64.508598	0.000 0.000 0.000	auto_ammo 2
ttt_random_weapon	-21.608299 -288.640991 64.508499	0.000 0.000 0.000	auto_ammo 2
ttt_random_weapon	-20.380501 -317.385986 64.508598	0.000 0.000 0.000	auto_ammo 2
ttt_random_weapon	-118.377998 -139.311005 64.508598	0.000 0.000 0.000	auto_ammo 2
ttt_random_weapon	-117.932999 -161.205994 64.508598	0.000 0.000 0.000	auto_ammo 2
ttt_random_weapon	-116.000000 -182.938995 64.508499	0.000 0.000 0.000	auto_ammo 2
ttt_random_weapon	-116.920998 -204.149994 64.508499	0.000 0.000 0.000	auto_ammo 2
ttt_random_weapon	-118.629997 -233.143997 64.508499	0.000 0.000 0.000	auto_ammo 2
ttt_random_weapon	-117.279999 -263.069000 64.508598	0.000 0.000 0.000	auto_ammo 2
ttt_random_weapon	-118.163002 -288.640991 64.508499	0.000 0.000 0.000	auto_ammo 2
ttt_random_weapon	-116.935997 -317.385986 64.508598	0.000 0.000 0.000	auto_ammo 2
ttt_random_weapon	-100.188004 -748.421997 80.718903	0.000 0.000 0.000	auto_ammo 2
ttt_random_weapon	-144.718994 -707.138000 108.360001	0.000 0.000 0.000	auto_ammo 2
ttt_random_weapon	95.333504 600.093018 25.372900	0.000 0.000 0.000	auto_ammo 2
ttt_random_weapon	115.640999 582.234009 25.372900	0.000 0.000 0.000	auto_ammo 2
ttt_random_weapon	-274.808990 2155.719971 401.372986	0.000 0.000 0.000	auto_ammo 2
ttt_random_weapon	-263.747986 2000.130005 489.372986	0.000 0.000 0.000	auto_ammo 2
ttt_random_weapon	454.368011 1912.619995 489.372986	0.000 0.000 0.000	auto_ammo 2
ttt_random_weapon	464.145996 1776.589966 489.372986	0.000 0.000 0.000	auto_ammo 2
ttt_random_weapon	351.135986 1033.130005 441.967010	0.000 0.000 0.000	auto_ammo 2
ttt_random_weapon	451.312012 84.366798 653.765015	0.000 0.000 0.000	auto_ammo 2
ttt_random_weapon	359.200012 -238.914001 781.765015	0.000 0.000 0.000	auto_ammo 2
ttt_random_weapon	-39.143101 -443.346008 909.372986	0.000 0.000 0.000	auto_ammo 2
ttt_random_weapon	-162.149002 -2028.770020 1001.369995	0.000 0.000 0.000	auto_ammo 2
ttt_random_weapon	137.059998 -2173.870117 1001.369995	0.000 0.000 0.000	auto_ammo 2
ttt_random_weapon	145.149994 -2194.969971 1001.369995	0.000 0.000 0.000	auto_ammo 2
ttt_random_weapon	-594.312988 -2555.590088 446.467010	0.000 0.000 0.000	auto_ammo 2
ttt_random_weapon	-532.905029 -2584.270020 393.372986	0.000 0.000 0.000	auto_ammo 2
ttt_random_weapon	-534.450989 -2554.639893 393.372986	0.000 0.000 0.000	auto_ammo 2
ttt_random_weapon	-128.225006 -2017.939941 467.246002	0.000 0.000 0.000	auto_ammo 2
ttt_random_weapon	-130.623001 -2150.270020 467.246002	0.000 0.000 0.000	auto_ammo 2
ttt_random_weapon	-69.583702 -1969.030029 393.372986	0.000 0.000 0.000	auto_ammo 2
ttt_random_weapon	-66.923897 -2010.630005 393.372986	0.000 0.000 0.000	auto_ammo 2
ttt_random_weapon	425.453003 -2178.219971 393.372986	0.000 0.000 0.000	auto_ammo 2
ttt_random_weapon	351.953003 -2176.520020 393.372986	0.000 0.000 0.000	auto_ammo 2
ttt_random_weapon	377.005005 -2212.560059 393.372986	0.000 0.000 0.000	auto_ammo 2
ttt_random_weapon	-128.819000 -889.254028 393.372986	0.000 0.000 0.000	auto_ammo 2
ttt_random_weapon	-121.026001 -920.757996 393.372986	0.000 0.000 0.000	auto_ammo 2
ttt_random_weapon	-568.909973 -991.520020 271.653992	0.000 0.000 0.000	auto_ammo 2
ttt_random_weapon	-575.067017 -920.492004 271.653992	0.000 0.000 0.000	auto_ammo 2
ttt_random_weapon	-216.647995 1166.489990 271.653992	0.000 0.000 0.000	auto_ammo 2
ttt_random_weapon	-179.449997 -2510.370117 155.229996	0.000 0.000 0.000	auto_ammo 2
ttt_random_weapon	-290.475006 -2171.669922 393.372986	0.000 0.000 0.000	auto_ammo 2
ttt_random_weapon	173.641708 -2376.170898 997.124023	9.212 -11.251 -97.703	auto_ammo 2
ttt_random_weapon	266.085693 -2375.806152 997.124817	9.243 -11.281 -97.906	auto_ammo 2
ttt_random_weapon	-140.383041 -2406.307617 997.124390	9.217 -11.259 -97.759	auto_ammo 2
ttt_random_weapon	-230.510010 -1513.283203 389.131012	9.133 -11.346 -98.246	auto_ammo 2
ttt_random_weapon	-165.183228 -1564.114502 389.128998	9.118 -11.300 -97.942	auto_ammo 2
ttt_random_weapon	-65.009331 -1602.460449 389.131256	9.134 -11.351 -98.283	auto_ammo 2
ttt_random_weapon	43.418278 -1594.705444 389.131500	9.136 -11.357 -98.321	auto_ammo 2
ttt_random_weapon	147.173431 -1508.828003 389.132965	9.149 -11.391 -98.570	auto_ammo 2
ttt_random_weapon	44.445351 -1355.088379 518.625977	9.111 -11.320 -98.060	auto_ammo 2
ttt_random_weapon	82.727844 -1401.651855 518.628662	9.146 -11.388 -98.544	auto_ammo 2
ttt_random_weapon	207.264618 -1382.835327 649.246094	9.165 -11.435 -98.928	auto_ammo 2
ttt_random_weapon	317.023529 -1409.324829 649.233398	9.264 -11.221 -97.728	auto_ammo 2
ttt_random_weapon	422.675659 -1356.891113 649.242004	9.134 -11.351 -98.282	auto_ammo 2
ttt_random_weapon	200.703201 -1824.897217 389.133698	9.153 -11.405 -98.682	auto_ammo 2
ttt_random_weapon	212.696442 -1652.541870 389.133362	9.146 -11.396 -98.608	auto_ammo 2
ttt_random_weapon	130.429718 -1791.529419 389.128784	9.117 -11.295 -97.911	auto_ammo 2
ttt_random_weapon	316.463226 -1688.193604 388.972168	0.486 -33.065 125.169	auto_ammo 2
ttt_random_weapon	256.279205 -1866.972412 389.131317	9.135 -11.353 -98.295	auto_ammo 2
ttt_random_weapon	221.043152 -1268.835571 649.244019	9.150 -11.396 -98.608	auto_ammo 2
ttt_random_weapon	-310.488983 -1397.432129 777.239380	9.097 -11.206 -97.816	auto_ammo 2
ttt_random_weapon	-269.002655 -1332.207520 777.250977	9.046 -12.247 -99.140	auto_ammo 2
ttt_random_weapon	-396.623352 -1243.915405 777.244324	9.105 -11.308 -98.467	auto_ammo 2
ttt_random_weapon	-482.913757 -1321.756836 777.236389	9.214 -11.307 -97.894	auto_ammo 2
ttt_random_weapon	468.488403 -230.851547 777.238647	9.203 -10.270 -98.123	auto_ammo 2
ttt_random_weapon	36.579376 281.108276 777.241455	9.100 -11.247 -98.074	auto_ammo 2
ttt_random_weapon	23.552021 36.146358 777.246338	9.105 -11.349 -98.737	auto_ammo 2
ttt_random_weapon	-231.613190 231.339081 777.239319	9.098 -11.206 -97.816	auto_ammo 2
ttt_random_weapon	-222.213058 525.364075 777.239258	9.234 -10.300 -98.323	auto_ammo 2
ttt_random_weapon	-128.104446 448.264404 649.238953	9.110 -10.172 -97.814	auto_ammo 2
ttt_random_weapon	-115.740540 650.599426 649.233337	9.224 -11.168 -97.579	auto_ammo 2
ttt_random_weapon	53.785225 436.174927 649.238770	9.207 -10.275 -98.157	auto_ammo 2
ttt_random_weapon	-110.374008 186.904037 518.625366	9.121 -11.313 -98.026	auto_ammo 2
ttt_random_weapon	-388.594208 205.254608 649.243958	9.102 -11.299 -98.406	auto_ammo 2
ttt_random_weapon	-380.065796 549.237305 777.238403	9.195 -10.256 -98.063	auto_ammo 2
ttt_random_weapon	-532.830933 555.203857 777.238281	9.190 -10.252 -98.036	auto_ammo 2
ttt_random_weapon	-624.642944 688.490540 388.297791	10.476 -61.903 -69.831	auto_ammo 2
ttt_random_weapon	577.591187 -76.495789 387.839600	7.283 125.813 -59.479	auto_ammo 2
ttt_random_weapon	-599.300964 -86.577087 388.895935	0.082 -0.475 124.283	auto_ammo 2
ttt_random_weapon	-601.058228 -550.547180 389.134674	9.114 -11.337 -98.651	auto_ammo 2
ttt_random_weapon	-592.243042 -1070.826294 389.131500	9.104 -11.361 -98.197	auto_ammo 2
ttt_random_weapon	177.271957 -1124.654419 389.119110	9.305 -22.292 -97.476	auto_ammo 2
ttt_random_weapon	168.423492 -1144.908325 388.960144	0.109 -9.187 124.824	auto_ammo 2
ttt_random_weapon	252.997101 -804.475708 649.238953	9.216 -10.284 -98.212	auto_ammo 2
ttt_random_weapon	256.195099 -705.540344 649.241943	9.100 -11.258 -98.143	auto_ammo 2
ttt_random_weapon	348.437775 -883.063049 648.351929	10.195 -4.878 -69.585	auto_ammo 2
ttt_random_weapon	450.429291 -811.900696 649.238464	9.193 -10.261 -98.065	auto_ammo 2
ttt_random_weapon	463.962158 -689.042603 650.797241	6.868 -16.539 -126.706	auto_ammo 2
ttt_random_weapon	459.347656 -697.450500 647.989258	1.561 -8.011 -24.542	auto_ammo 2
ttt_random_weapon	493.592133 188.324051 649.242310	9.136 -11.357 -98.323	auto_ammo 2
ttt_random_weapon	404.523132 279.584656 649.244019	9.103 -11.301 -98.417	auto_ammo 2
ttt_random_weapon	159.516953 643.880981 777.243042	9.139 -11.372 -98.430	auto_ammo 2
ttt_random_weapon	507.080078 659.423401 777.246033	9.106 -11.343 -98.695	auto_ammo 2
ttt_random_weapon	-535.960083 27.971783 777.233765	9.176 -11.063 -97.463	auto_ammo 2
ttt_random_weapon	-525.898743 44.342751 777.237000	9.216 -16.598 -97.976	auto_ammo 2
ttt_random_weapon	253.106781 720.895630 389.128510	9.182 -10.312 -98.124	auto_ammo 2
ttt_random_weapon	272.189789 -65.430908 389.124542	9.240 -11.291 -97.862	auto_ammo 2
ttt_random_weapon	-294.568329 -59.108608 389.124817	9.213 -11.282 -97.796	auto_ammo 2
ttt_random_weapon	-297.011627 798.815552 389.130341	9.128 -11.330 -98.143	auto_ammo 2
ttt_random_weapon	285.822784 1786.160889 485.121399	9.242 -11.233 -97.515	auto_ammo 2
ttt_random_weapon	294.211517 1921.856323 485.125275	9.213 -11.291 -97.855	auto_ammo 2
ttt_random_weapon	292.264069 1867.831421 485.118225	9.114 -10.593 -97.793	auto_ammo 2
ttt_random_weapon	-0.615404 2430.048828 485.123535	9.165 -11.231 -97.485	auto_ammo 2
ttt_random_weapon	120.444183 2433.731934 485.122467	9.204 -11.232 -97.503	auto_ammo 2
ttt_random_weapon	-169.818863 2418.778564 486.194366	8.014 -13.771 -114.532	auto_ammo 2
ttt_random_weapon	-167.645096 2406.718506 485.126617	9.097 -12.614 -97.595	auto_ammo 2
ttt_random_weapon	-378.682495 1623.613770 485.124512	9.238 -11.887 -97.858	auto_ammo 2
ttt_random_weapon	-430.705994 1573.032593 485.130859	9.158 -10.346 -98.330	auto_ammo 2
ttt_random_weapon	-294.435181 1499.782959 485.119385	9.321 -11.240 -97.565	auto_ammo 2
ttt_random_weapon	-249.036545 1572.244751 485.121887	9.275 -11.261 -97.685	auto_ammo 2
ttt_random_weapon	-278.099762 1648.509399 485.120819	9.282 -11.244 -97.589	auto_ammo 2
ttt_random_weapon	-397.245697 1490.482300 485.128784	9.178 -10.317 -98.147	auto_ammo 2
ttt_random_weapon	-400.216309 1213.018799 388.945404	-0.302 -140.682 125.318	auto_ammo 2
ttt_random_weapon	-308.531006 1077.169922 389.128998	9.200 -10.332 -98.254	auto_ammo 2
ttt_random_weapon	-459.090057 928.156433 389.127960	9.165 -10.293 -97.993	auto_ammo 2
ttt_random_weapon	-338.207458 933.100342 389.129456	9.122 -11.310 -98.010	auto_ammo 2
ttt_random_weapon	-485.382050 843.182800 389.128998	9.200 -10.331 -98.253	auto_ammo 2
ttt_random_weapon	401.158661 1111.345337 388.211365	9.987 -3.417 -67.901	auto_ammo 2
ttt_random_weapon	395.601166 1079.800659 389.124207	9.136 -10.414 -97.458	auto_ammo 2
ttt_random_weapon	537.524536 -669.360535 389.130798	9.131 -11.341 -98.213	auto_ammo 2
ttt_random_weapon	532.206665 -871.769348 389.124664	9.254 -11.138 -97.931	auto_ammo 2
ttt_random_weapon	577.764038 -1965.254761 389.127472	9.150 -10.276 -97.878	auto_ammo 2
ttt_random_weapon	589.777893 -2606.383301 389.130035	9.126 -11.324 -98.101	auto_ammo 2
ttt_random_weapon	156.502747 -2623.071533 387.696777	3.288 6.854 -41.579	auto_ammo 2
ttt_random_weapon	-457.355743 -2603.537354 389.127930	9.111 -11.276 -97.791	auto_ammo 2
ttt_random_weapon	16.109718 -2531.419189 612.256897	10.123 -6.250 -68.740	auto_ammo 2
ttt_random_weapon	-475.963959 -2102.096436 1163.880859	7.415 -5.045 -60.245	auto_ammo 2
ttt_random_weapon	439.715698 -2109.668213 1163.880859	7.415 -5.045 -60.245	auto_ammo 2
ttt_random_weapon	435.634186 -2221.569092 1163.881714	7.376 -5.044 -60.241	auto_ammo 2
ttt_random_weapon	-491.870850 -2303.430176 613.126404	9.100 -11.242 -97.574	auto_ammo 2
ttt_random_weapon	-453.772797 -2002.242676 613.130798	9.132 -11.341 -98.217	auto_ammo 2
ttt_random_weapon	478.647461 -1988.009888 613.130859	9.133 -11.343 -98.230	auto_ammo 2
ttt_random_weapon	592.819092 -2050.763428 613.130310	9.128 -11.330 -98.143	auto_ammo 2
ttt_random_weapon	600.605164 -2480.423828 613.131775	9.142 -11.364 -98.376	auto_ammo 2
ttt_random_weapon	745.960693 -2254.835449 479.187225	9.085 -5.209 -97.985	auto_ammo 2
ttt_random_weapon	714.402771 -2306.940918 479.184418	9.094 -11.250 -97.687	auto_ammo 2
ttt_random_weapon	-463.258026 -2306.435059 389.128510	9.182 -10.312 -98.123	auto_ammo 2
ttt_random_weapon	-454.196747 -2097.507080 997.123962	9.227 -11.258 -97.750	auto_ammo 2
ttt_random_weapon	-446.002411 -2242.086914 997.131775	9.128 -11.287 -98.328	auto_ammo 2
ttt_random_weapon	241.023453 -2210.481445 997.132874	9.155 -11.325 -98.576	auto_ammo 2
ttt_random_weapon	260.583649 -2250.502930 997.128784	9.120 -11.223 -97.920	auto_ammo 2
ttt_random_weapon	390.749451 -2380.322266 871.126160	9.170 -11.286 -97.804	auto_ammo 2
ttt_random_weapon	-374.218933 -1994.127930 871.126526	9.218 -11.319 -98.026	auto_ammo 2
ttt_random_weapon	193.935364 -2246.375977 742.125427	9.211 -11.293 -97.866	auto_ammo 2
ttt_random_weapon	67.313812 -2227.279053 742.125427	9.186 -11.280 -97.777	auto_ammo 2
ttt_random_weapon	-337.757690 -2472.926025 613.132935	9.152 -11.391 -98.578	auto_ammo 2
ttt_random_weapon	-216.694443 -2475.291992 613.130981	9.138 -11.723 -98.264	auto_ammo 2
ttt_random_weapon	-149.461746 -2201.298096 613.130127	9.128 -11.326 -98.117	auto_ammo 2
ttt_random_weapon	-145.050049 -2337.374268 613.132568	9.149 -11.382 -98.510	auto_ammo 2
ttt_random_weapon	-138.670120 -2132.763672 613.132996	9.151 -11.392 -98.580	auto_ammo 2
ttt_random_weapon	444.229187 -2352.729736 613.131592	9.138 -11.360 -98.344	auto_ammo 2
ttt_random_weapon	454.297913 -2256.640625 613.131836	9.140 -11.365 -98.385	auto_ammo 2
ttt_random_weapon	-577.713562 597.910339 267.403625	9.192 -11.227 -97.478	auto_ammo 2
ttt_random_weapon	-574.725586 528.438782 267.400604	9.297 -11.229 -97.503	auto_ammo 2
ttt_random_weapon	-210.114365 300.431335 203.852814	7.197 -5.348 -59.668	auto_ammo 2
ttt_random_weapon	-295.337189 -189.331284 205.132263	9.133 -11.371 -98.408	auto_ammo 2
ttt_random_weapon	319.541718 -498.988281 205.123810	9.151 -11.226 -97.468	auto_ammo 2
ttt_random_weapon	315.779968 -530.409119 205.126007	9.132 -11.263 -97.646	auto_ammo 2
ttt_random_weapon	-200.757095 -1203.134155 -26.871132	9.162 -11.318 -98.095	auto_ammo 2
ttt_random_weapon	-126.314545 -1196.146606 -26.870474	9.199 -11.348 -98.319	auto_ammo 2
ttt_random_weapon	213.717926 -1299.221558 -26.872864	9.125 -11.266 -97.751	auto_ammo 2
ttt_random_weapon	148.897583 -1293.536987 -26.870903	9.181 -11.332 -98.195	auto_ammo 2
ttt_random_weapon	201.773438 -1460.240479 -26.871244	9.159 -11.314 -98.069	auto_ammo 2
ttt_random_weapon	161.842163 -1459.239258 -26.873285	9.121 -11.256 -97.689	auto_ammo 2
ttt_random_weapon	-227.640259 -1637.650146 -26.870872	9.121 -11.303 -97.971	auto_ammo 2
ttt_random_weapon	-140.548264 -1628.320679 -26.867495	9.145 -11.380 -98.490	auto_ammo 2
ttt_random_weapon	339.491913 -1872.312866 237.131775	9.125 -11.358 -98.317	auto_ammo 2
ttt_random_weapon	-344.429504 -1874.685303 201.139725	8.955 -11.670 -98.673	auto_ammo 2
ttt_random_weapon	-413.877594 -983.350830 205.132797	9.131 -11.380 -98.471	auto_ammo 2
ttt_random_weapon	-338.590820 -933.493164 205.128357	9.163 -11.298 -98.037	auto_ammo 2
ttt_random_weapon	-154.425507 -80.850174 205.122314	9.285 -26.637 -97.767	auto_ammo 2
ttt_random_weapon	138.588348 -1004.930420 21.132050	9.145 -11.371 -98.431	auto_ammo 2
ttt_random_weapon	58.290554 -988.885864 21.127607	9.142 -11.283 -97.866	auto_ammo 2
ttt_random_weapon	135.866623 -2091.344727 1221.127930	9.116 -11.206 -97.810	auto_ammo 2
ttt_random_weapon	151.607101 -2011.936157 1221.129272	9.129 -11.238 -98.012	auto_ammo 2
ttt_random_weapon	412.397369 -2008.281006 871.126465	9.203 -11.309 -97.963	auto_ammo 2
ttt_random_weapon	-162.077652 2083.881836 397.119812	9.297 -11.233 -97.525	auto_ammo 2
item_ammo_smg1_ttt	366.847870 907.128845 384.500336	-0.841 0.012 -0.629
item_ammo_smg1_ttt	406.976532 879.748169 384.399292	0.153 -0.005 0.091
item_ammo_smg1_ttt	-344.965088 -2175.876709 452.143280	-0.035 1.123 0.244
item_ammo_smg1_ttt	-342.597992 -2132.997314 452.259186	-0.108 -0.030 0.226
weapon_zm_molotov	-251.854996 -714.687012 649.127014	0.000 0.000 0.000
weapon_zm_molotov	-249.645004 -700.392029 649.127014	0.000 0.000 0.000
weapon_zm_molotov	-458.666992 1780.670044 484.734009	0.000 0.000 0.000
weapon_zm_molotov	-458.082001 1814.619995 484.734009	0.000 0.000 0.000
weapon_zm_molotov	465.734009 1804.280029 484.734009	0.000 0.000 0.000
weapon_zm_molotov	51.923801 -776.171997 72.534302	0.000 0.000 0.000
weapon_zm_molotov	54.526600 -787.081970 72.534302	0.000 0.000 0.000
weapon_zm_molotov	-116.138000 -118.580002 59.870098	0.000 0.000 0.000
weapon_zm_molotov	-128.979004 -113.931000 59.870098	0.000 0.000 0.000
weapon_zm_molotov	-127.669998 -103.029999 59.870098	0.000 0.000 0.000
weapon_zm_molotov	-112.370003 -99.762901 59.870098	0.000 0.000 0.000
weapon_zm_molotov	-504.840302 -2035.530518 384.208954	-0.765 -1.510 -0.418
weapon_zm_molotov	-506.426971 -2090.055176 384.152832	-2.822 -1.186 -1.543
item_box_buckshot_ttt	335.630676 -644.298767 384.447632	-0.512 -0.007 0.454
item_box_buckshot_ttt	364.000977 -635.251099 384.378998	0.134 0.003 -0.024
item_box_buckshot_ttt	312.089508 -862.591248 384.419983	-0.712 -0.005 0.638
item_box_buckshot_ttt	333.527344 -862.694458 384.389740	-0.996 0.017 0.882
item_box_buckshot_ttt	329.784210 -817.268494 384.437073	-0.595 -0.007 0.528
item_ammo_357_ttt	15.461900 1527.180054 996.276001	0.000 0.000 0.000
item_ammo_357_ttt	17.206400 1548.869995 996.276001	0.000 0.000 0.000
item_ammo_357_ttt	38.044998 -428.213013 900.276001	0.000 0.000 0.000
item_ammo_357_ttt	-125.058998 -1960.859985 1216.280029	0.000 0.000 0.000
item_ammo_357_ttt	-123.314003 -1939.170044 1216.280029	0.000 0.000 0.000
item_ammo_357_ttt	242.927002 -1987.900024 992.276001	0.000 0.000 0.000
item_ammo_357_ttt	244.671005 -1966.209961 992.276001	0.000 0.000 0.000
item_ammo_357_ttt	-452.951996 1857.729980 480.276001	0.000 0.000 0.000
item_ammo_357_ttt	-451.208008 1879.420044 480.276001	0.000 0.000 0.000
item_ammo_357_ttt	-360.388763 -1963.825195 992.353577	0.454 0.059 0.047
item_ammo_357_ttt	-377.641449 -1960.617310 992.405579	0.465 0.054 0.026
item_ammo_357_ttt	-662.859436 -2156.385742 992.386597	0.461 0.055 0.034
item_ammo_357_ttt	-654.406067 -2175.870117 992.417908	0.467 0.053 0.021
item_ammo_357_ttt	679.131104 -2180.784668 992.398315	0.463 0.054 0.029
item_ammo_357_ttt	662.191895 -2179.348877 992.350037	0.454 0.061 0.048
item_ammo_357_ttt	-37.173065 -402.578644 900.353638	0.455 0.059 0.047
item_ammo_357_ttt	41.452377 -400.947601 900.368469	0.457 0.057 0.041
ttt_random_ammo	352.179688 992.816406 386.747650	-0.352 35.222 90.018
ttt_random_ammo	358.418945 972.537598 392.158783	-0.298 -0.451 -125.907
ttt_random_ammo	404.023773 1018.526733 448.814209	1.510 -0.073 0.981
ttt_random_ammo	370.742676 980.183044 387.616852	-88.920 77.281 90.216
ttt_random_ammo	361.536774 995.323486 386.674652	-0.926 -155.018 -89.992
ttt_random_ammo	477.790955 993.730530 384.382507	0.215 0.001 0.202
ttt_random_ammo	461.062469 1021.443726 384.442108	1.180 0.030 1.434
ttt_random_ammo	454.922516 1075.768188 384.339996	0.047 0.000 -0.023
ttt_random_ammo	422.332031 1048.582886 384.392944	0.722 0.007 0.825
ttt_random_ammo	323.489807 1079.387451 384.394958	1.433 0.024 1.690
ttt_random_ammo	350.563629 1071.202637 384.349060	0.051 0.000 -0.014
ttt_random_ammo	357.784027 1133.858154 384.379425	0.171 0.001 0.147
ttt_random_ammo	418.127441 1115.846069 392.093231	54.876 -109.386 179.104
ttt_random_ammo	438.560760 1112.589600 384.372772	0.110 0.000 0.069
ttt_random_ammo	359.596527 1104.368286 384.337646	0.047 0.000 -0.025
ttt_random_ammo	377.285828 1065.059326 384.330383	0.047 0.000 -0.029
ttt_random_ammo	417.871490 1061.018555 384.427582	1.475 0.035 1.789
ttt_random_ammo	395.562073 1092.381470 384.438782	0.014 -13.334 1.471
ttt_random_ammo	394.468292 1047.078979 384.367310	0.084 0.000 0.035
ttt_random_ammo	370.080322 1017.171265 432.735260	-0.797 0.008 -0.922
ttt_random_ammo	345.541504 1023.339172 435.036743	-0.896 51.403 90.005
ttt_random_ammo	185.054825 1029.366211 424.866913	0.426 -0.596 0.255
ttt_random_ammo	166.717026 1029.823975 424.802917	0.359 0.012 0.540
ttt_random_ammo	137.917892 1081.750122 465.255890	-0.338 2.775 -0.465
ttt_random_ammo	13.101645 1184.833252 474.153412	0.334 -0.459 -5.035
ttt_random_ammo	-42.812000 1192.553833 433.307312	-0.767 0.031 -1.619
ttt_random_ammo	-52.058514 835.227051 424.798828	0.714 -1.153 0.672
ttt_random_ammo	-62.290539 859.223328 424.716583	-0.358 0.050 -0.596
ttt_random_ammo	-417.145813 1018.297974 513.443726	0.055 0.000 -0.004
ttt_random_ammo	-538.776672 932.361938 384.428650	1.374 0.032 1.658
ttt_random_ammo	-545.119812 954.980957 384.335266	0.047 0.000 -0.027
ttt_random_ammo	-610.436584 898.373535 384.393738	0.814 0.008 0.936
ttt_random_ammo	-564.216797 898.494812 384.393738	0.815 0.008 0.937
ttt_random_ammo	-551.155029 1186.763672 384.346832	0.050 0.000 -0.017
ttt_random_ammo	-560.586243 1230.109009 384.332825	0.047 0.000 -0.028
ttt_random_ammo	-584.499512 1198.873169 384.369171	0.091 0.000 0.045
ttt_random_ammo	-588.814941 1229.094849 384.363525	0.072 0.000 0.018
ttt_random_ammo	-277.087830 1562.564331 480.385071	0.282 -0.001 -0.285
ttt_random_ammo	-257.685608 1601.388184 480.394623	1.283 0.020 1.507
ttt_random_ammo	-301.015594 1646.925293 480.456024	0.845 -0.024 -1.026
ttt_random_ammo	-396.409607 1623.036987 480.434235	1.352 0.033 1.642
ttt_random_ammo	304.974945 1963.789917 480.337616	0.047 0.000 -0.025
ttt_random_ammo	296.801086 1822.600708 480.366638	-0.078 -0.000 0.027
ttt_random_ammo	306.354828 1901.116333 480.349030	0.051 0.000 -0.014
ttt_random_ammo	291.144806 1766.117676 480.364624	-0.072 -0.000 0.019
ttt_random_ammo	469.808014 1742.812622 480.353333	0.055 0.000 -0.008
ttt_random_ammo	489.252899 1814.362305 480.327850	0.047 0.000 -0.031
ttt_random_ammo	465.840820 1847.121094 480.370972	0.099 0.000 0.055
ttt_random_ammo	484.067200 1915.868042 480.374451	0.122 0.000 0.086
ttt_random_ammo	5.027953 421.379242 644.448242	0.047 0.000 -0.027
ttt_random_ammo	-2.209863 377.949219 693.068237	0.048 -0.000 0.013
ttt_random_ammo	70.103096 366.731293 757.696777	-0.042 0.000 0.031
ttt_random_ammo	-138.104568 317.306152 627.094177	0.046 -0.000 0.018
ttt_random_ammo	-227.645340 428.868652 821.032776	-0.046 0.000 0.037
ttt_random_ammo	-220.678070 350.042816 885.717651	-0.043 0.000 0.020
ttt_random_ammo	-433.131409 328.677795 757.666748	0.048 -0.000 0.039
ttt_random_ammo	-483.615509 487.192261 821.021851	0.048 -0.000 0.039
ttt_random_ammo	-477.364838 488.795197 821.114380	2.269 0.075 -1.020
ttt_random_ammo	-143.102646 554.870117 757.715149	0.050 -0.000 0.010
ttt_random_ammo	-136.246674 498.108765 693.155762	1.138 -0.030 -1.383
ttt_random_ammo	-106.394836 254.732407 562.548462	-1.230 0.032 -1.466
ttt_random_ammo	125.708611 324.784576 757.705505	-0.041 0.000 0.028
ttt_random_ammo	191.467178 311.563293 693.176331	-1.252 0.034 -1.523
ttt_random_ammo	406.374847 441.915863 562.436829	-0.042 0.000 0.031
ttt_random_ammo	426.563507 384.260712 628.967896	0.044 -0.000 0.024
ttt_random_ammo	505.243988 326.642120 757.750671	0.511 -0.004 -0.570
ttt_random_ammo	523.934875 260.700043 693.138550	1.223 -0.031 -1.455
ttt_random_ammo	399.530487 93.936111 756.972595	-0.041 0.000 0.027
ttt_random_ammo	367.457214 28.773853 693.044495	0.044 -0.000 0.031
ttt_random_ammo	445.413330 9.198818 757.741882	0.179 -0.001 -0.162
ttt_random_ammo	420.268707 178.372681 773.234436	0.069 0.000 0.017
ttt_random_ammo	384.705048 178.340927 773.230652	0.060 0.000 0.005
ttt_random_ammo	403.151093 147.098389 773.309021	1.249 0.032 1.518
ttt_random_ammo	409.336975 195.463882 773.205078	0.045 0.000 -0.028
ttt_random_ammo	161.528275 -248.430420 757.729675	0.079 -0.000 -0.033
ttt_random_ammo	74.025970 -278.812988 693.057922	0.044 -0.000 0.024
ttt_random_ammo	47.162220 -71.117065 432.708679	0.264 -0.001 -0.267
ttt_random_ammo	-36.199402 -76.788681 497.313049	0.045 -0.000 0.022
ttt_random_ammo	-130.787125 -60.475079 432.652466	0.044 -0.000 0.031
ttt_random_ammo	-157.333771 -140.891357 562.449219	0.046 -0.000 0.018
ttt_random_ammo	-171.239105 -206.968582 627.111206	0.068 -0.000 -0.018
ttt_random_ammo	-228.609055 -393.870544 627.114685	0.078 -0.000 -0.033
ttt_random_ammo	-147.632538 -391.023010 561.955383	-0.042 0.000 0.029
ttt_random_ammo	-170.137238 -472.021515 497.432312	-1.167 0.032 -1.423
ttt_random_ammo	-93.533012 -457.555450 432.659332	0.044 -0.000 0.028
ttt_random_ammo	-119.179893 -764.621460 432.689240	0.066 -0.000 -0.016
ttt_random_ammo	-117.625801 -806.168701 481.236786	0.046 -0.000 0.034
ttt_random_ammo	-36.545898 -792.129700 627.070190	-0.045 0.000 0.035
ttt_random_ammo	-46.993706 -857.064880 562.490906	0.156 0.001 0.137
ttt_random_ammo	-69.264832 -823.224670 578.504028	0.051 0.000 -0.009
ttt_random_ammo	-70.422798 -781.563843 578.466370	-0.046 -0.000 -0.034
ttt_random_ammo	-39.149178 -822.288025 578.460327	0.047 0.000 -0.037
ttt_random_ammo	353.428864 -743.772766 757.724426	0.063 -0.000 -0.011
ttt_random_ammo	342.736755 -673.381470 693.108032	1.033 -0.013 -1.206
ttt_random_ammo	368.331024 -797.059631 773.256653	0.301 0.002 0.311
ttt_random_ammo	327.361908 -795.378113 773.289490	1.344 0.031 1.599
ttt_random_ammo	381.414124 -841.570007 773.276306	1.646 0.035 1.965
ttt_random_ammo	318.957428 -833.168030 773.234436	0.069 0.000 0.016
ttt_random_ammo	13.574658 -1099.161743 611.040039	0.045 -0.000 0.022
ttt_random_ammo	-99.396851 -1171.889404 562.468018	0.072 -0.000 -0.024
ttt_random_ammo	178.171143 -1181.145508 384.359558	0.063 0.000 0.006
ttt_random_ammo	126.698448 -1085.968506 384.363525	0.072 0.000 0.018
ttt_random_ammo	-316.808258 -1091.996216 481.253357	0.044 -0.000 0.028
ttt_random_ammo	-370.136475 -1102.469971 432.715698	0.913 -0.011 -1.060
ttt_random_ammo	-323.046814 -1338.334717 901.220581	0.049 0.000 -0.014
ttt_random_ammo	-326.728668 -1298.812256 901.226746	0.055 0.000 -0.004
ttt_random_ammo	-359.535339 -1339.204956 901.259033	0.392 0.002 0.422
ttt_random_ammo	-362.349915 -1310.062500 901.236267	0.074 0.000 0.024
ttt_random_ammo	-419.479553 -1314.134399 885.715149	0.050 -0.000 0.010
ttt_random_ammo	-449.279846 -1388.784424 821.057922	0.044 -0.000 0.024
ttt_random_ammo	98.773529 -1360.939575 562.471313	0.086 -0.000 -0.042
ttt_random_ammo	169.837875 -1364.065918 627.119019	-0.058 0.000 -0.008
ttt_random_ammo	281.717957 -1374.127319 741.703064	1.183 -0.017 -1.388
ttt_random_ammo	345.908478 -1359.955200 693.044067	0.044 -0.000 0.032
ttt_random_ammo	36.631691 -1539.971680 432.742126	1.320 -0.034 -1.573
ttt_random_ammo	-83.081757 -1493.886475 497.353577	-0.105 0.000 -0.071
ttt_random_ammo	-151.229752 -1488.841553 432.670624	-0.041 0.000 0.027
ttt_random_ammo	301.911041 -1256.882568 773.216309	0.047 0.000 -0.020
ttt_random_ammo	300.662933 -1286.679688 773.192871	0.046 0.000 -0.033
ttt_random_ammo	394.723022 -1265.112427 773.192871	0.046 0.000 -0.033
ttt_random_ammo	391.523102 -1303.873291 773.319458	-1.138 -0.029 1.360
ttt_random_ammo	-488.660065 -804.883789 773.234436	0.068 0.000 0.016
ttt_random_ammo	-488.298553 -766.894104 773.218506	0.048 0.000 -0.017
ttt_random_ammo	-400.707245 -806.168457 773.211914	0.046 0.000 -0.023
ttt_random_ammo	-391.016785 -777.324646 773.177002	0.048 0.000 -0.039
ttt_random_ammo	44.748665 -2029.032593 440.363464	0.070 0.000 0.017
ttt_random_ammo	82.593796 -1970.920776 496.423340	1.348 0.031 1.612
ttt_random_ammo	145.608307 -1988.619263 440.342255	0.047 0.000 -0.021
ttt_random_ammo	43.144855 -1971.626831 496.367310	0.082 0.000 0.034
ttt_random_ammo	89.453903 -1994.611694 384.317474	0.047 0.000 -0.035
ttt_random_ammo	96.693253 -2036.544922 384.371002	0.100 0.000 0.057
ttt_random_ammo	219.509872 -2219.391846 496.349030	0.050 0.000 -0.014
ttt_random_ammo	159.865234 -2269.440918 496.372772	0.105 0.000 0.065
ttt_random_ammo	111.812363 -2264.980225 440.359528	0.061 0.000 0.005
ttt_random_ammo	176.318863 -2369.330078 496.342285	0.047 0.000 -0.021
ttt_random_ammo	330.749237 -2271.188965 440.394440	0.911 0.010 1.056
ttt_random_ammo	-347.739868 -2144.211182 639.539124	0.578 -5.230 0.945
ttt_random_ammo	-345.370239 -2198.518066 639.495117	-0.573 -0.006 0.661
ttt_random_ammo	-344.314819 -2231.613770 639.445862	0.650 -0.011 -0.874
ttt_random_ammo	-339.884766 -2307.204590 639.541382	0.136 -1.604 -0.059
ttt_random_ammo	-343.290070 -2336.462158 639.500000	-0.080 -0.246 -0.003
ttt_random_ammo	-342.129730 -2381.937744 639.467896	-0.122 -0.212 0.010
ttt_random_ammo	-242.422089 -2388.937012 639.543884	-0.329 2.142 -0.007
ttt_random_ammo	-240.359940 -2361.274414 639.506592	-0.088 -0.147 0.007
ttt_random_ammo	-241.216599 -2318.256104 639.477783	-0.669 -0.006 0.785
ttt_random_ammo	-238.958420 -2151.143799 639.533569	-0.058 -1.188 -0.041
ttt_random_ammo	-242.824799 -2201.492188 639.470276	-0.170 0.004 0.052
ttt_random_ammo	-240.665802 -2233.964111 639.425903	-0.188 -0.234 0.018
ttt_random_ammo	-337.267731 -1973.452881 454.281494	-0.993 -2.297 89.500
ttt_random_ammo	-339.580414 -2010.401367 452.079254	0.198 0.034 -0.574
ttt_random_ammo	-338.749695 -1982.389893 408.691986	0.142 0.038 -0.483
ttt_random_ammo	-334.520630 -2015.250488 408.780823	0.220 0.081 -0.610
ttt_random_ammo	-243.297394 -1979.738525 408.642914	0.195 0.035 -0.569
ttt_random_ammo	-241.342453 -2011.431885 408.849762	0.099 0.045 -0.412
ttt_random_ammo	-244.679688 -1974.843750 451.971710	0.130 0.039 -0.463
ttt_random_ammo	-242.478577 -2011.225342 452.093048	0.184 0.060 -0.550
ttt_random_ammo	-113.946205 -1974.676025 451.981415	0.115 0.039 -0.439
ttt_random_ammo	-119.257683 -1980.467163 408.628418	0.220 0.016 -0.610
ttt_random_ammo	-120.222389 -2014.652954 408.837738	0.136 0.039 -0.472
ttt_random_ammo	-22.593889 -1974.651733 451.932800	0.184 0.037 -0.551
ttt_random_ammo	-21.074886 -2003.534668 452.097443	0.130 0.049 -0.463
ttt_random_ammo	-22.836096 -1978.839722 408.634766	0.201 0.031 -0.579
ttt_random_ammo	-25.242756 -2015.141113 408.789398	0.207 0.030 -0.589
ttt_random_ammo	-17.755585 -2139.082764 452.160278	-0.151 0.038 0.497
ttt_random_ammo	-20.802341 -2178.109375 452.053467	0.057 -0.040 0.343
ttt_random_ammo	-22.211197 -2145.173828 408.874969	-0.085 0.040 0.389
ttt_random_ammo	-25.027695 -2181.437988 408.717377	0.081 -0.040 0.384
ttt_random_ammo	-121.245087 -2179.945801 408.706055	0.107 -0.039 0.425
ttt_random_ammo	-115.347733 -2153.962402 408.794159	-0.146 0.050 0.490
ttt_random_ammo	-239.903854 -2181.427979 408.687286	0.124 -0.039 0.453
ttt_random_ammo	-243.843765 -2149.439453 408.813965	-0.146 0.050 0.490
ttt_random_ammo	-339.969788 -2176.630615 408.733032	0.089 -0.040 0.396
ttt_random_ammo	-341.139587 -2157.061279 408.758881	0.076 0.040 0.429
ttt_random_ammo	-505.059296 -2069.913818 384.474335	-1.098 -2.266 -0.585
ttt_random_ammo	-505.767090 -2023.983643 384.454895	0.883 0.024 1.072
ttt_random_ammo	-504.728455 -1964.959717 384.359558	0.063 0.000 0.006
ttt_random_ammo	-497.304352 -2265.095215 429.919434	0.437 -1.476 0.213
ttt_random_ammo	-461.101044 -2261.375488 429.874786	-0.107 -0.027 0.115
ttt_random_ammo	-482.040161 -2256.989990 475.282349	-0.619 0.081 0.579
ttt_random_ammo	-138.898987 -1514.420654 8.549268	0.060 -0.000 -0.001
ttt_random_ammo	-82.838844 -1511.222412 8.660442	0.541 -0.020 -0.657
ttt_random_ammo	-111.897980 -1513.490356 8.527347	0.046 -0.000 0.026
ttt_random_ammo	-74.776566 -1476.240112 8.524960	0.046 -0.000 0.028
weapon_zm_rifle	-0.744695 1535.089966 997.958008	0.000 90.000 0.000
weapon_zm_rifle	-141.266006 -1952.949951 1217.959961	0.000 90.000 0.000
weapon_zm_rifle	226.720001 -1979.989990 993.958008	0.000 90.000 0.000
weapon_zm_rifle	-469.158997 1865.640015 481.958008	0.000 90.000 0.000
weapon_zm_rifle	-372.498505 -1980.869995 991.169861	3.498 13.207 65.279
weapon_zm_rifle	-687.770081 -2175.849609 991.198059	3.049 89.056 65.121
weapon_zm_rifle	658.550720 -2159.714844 991.126831	3.597 13.241 65.030
weapon_zm_rifle	-1.641907 -404.842529 899.132324	3.584 13.238 65.062
ttt_playerspawn	166.983322 462.553528 772.641663	0.084 -0.000 -0.084
ttt_playerspawn	-503.274353 646.988525 772.653687	0.069 0.000 0.069
ttt_playerspawn	-229.610718 88.229431 772.643372	-0.082 0.000 -0.081
ttt_playerspawn	279.563629 -185.008850 772.656982	0.065 0.000 0.065
ttt_playerspawn	2.788162 164.553207 772.648560	-0.075 0.000 0.075
ttt_playerspawn	225.055939 -884.516418 644.630432	0.097 -0.000 -0.097
ttt_playerspawn	89.207932 -1272.537842 644.647644	-0.076 -0.000 0.076
ttt_playerspawn	-321.103455 -1245.729248 772.667419	-0.053 0.000 0.052
ttt_playerspawn	-525.683655 -1387.619751 772.644348	0.080 0.000 0.080
ttt_playerspawn	291.559204 -1548.745972 384.562622	-0.045 -0.000 0.045
ttt_playerspawn	18.765171 -1704.897583 384.557220	-0.052 -0.000 0.052
ttt_playerspawn	-382.087860 -1645.518555 384.538605	-0.074 -0.000 0.074
ttt_playerspawn	-181.160217 -1676.905151 384.558502	-0.050 -0.000 0.050
ttt_playerspawn	-481.422485 -1794.936035 384.571899	-0.034 -0.000 0.034
ttt_playerspawn	-395.821808 -2152.832520 1160.523560	-0.091 0.137 -0.084
ttt_playerspawn	-209.858337 -2502.921631 992.539551	-0.073 -0.000 0.073
ttt_playerspawn	469.409943 -2418.436035 992.560486	0.020 0.070 0.128
ttt_playerspawn	535.026733 -1615.316406 384.547119	-0.036 0.015 0.177
ttt_playerspawn	297.686523 -1081.965210 384.541321	-0.071 -0.000 0.071
ttt_playerspawn	328.757294 -498.750122 402.493866	89.931 -79.260 -161.892
ttt_playerspawn	231.241638 1169.117676 384.520660	-0.096 -0.000 0.096
ttt_playerspawn	506.125061 1152.767212 384.562622	-0.045 -0.000 0.045
ttt_playerspawn	209.347656 1548.717285 480.534760	-0.079 -0.000 0.079
ttt_playerspawn	428.184021 1543.597534 480.541290	-0.071 -0.000 0.071
ttt_playerspawn	-126.167732 1721.130981 480.541870	-0.275 -0.071 -0.090
ttt_playerspawn	85.142441 1788.567261 480.536682	-0.076 -0.000 0.076
ttt_playerspawn	44.968170 2033.160400 480.563721	-0.044 -0.000 0.044
ttt_playerspawn	176.444305 1925.028809 480.529633	-0.085 -0.000 0.085
ttt_playerspawn	47.871269 2256.752930 480.552429	-0.057 -0.000 0.057
ttt_playerspawn	-129.697662 -571.961365 384.540649	0.022 -0.050 0.210
ttt_playerspawn	-503.142303 -1090.092529 384.531769	-0.082 -0.000 0.082
ttt_playerspawn	103.366570 -2218.891357 1216.532837	-0.081 -0.000 0.081
ttt_playerspawn	323.984772 -2131.776367 992.527771	-0.256 0.042 -0.026
ttt_playerspawn	278.738892 -2030.313477 866.552429	-0.057 -0.000 0.057
ttt_playerspawn	278.182068 -2255.040771 737.553284	0.027 -0.010 0.175
ttt_playerspawn	-23.816444 -2166.134277 608.553162	-0.057 -0.000 0.057
ttt_playerspawn	-88.161697 -2303.260986 384.541321	-0.071 -0.000 0.071
ttt_playerspawn	-307.408173 -2291.489990 384.526428	0.089 0.000 0.089
ttt_playerspawn	-369.836853 -2520.577393 384.553162	0.056 0.000 0.057
ttt_playerspawn	-217.551025 -1988.579712 608.573547	-0.032 -0.000 0.032
ttt_playerspawn	87.740501 -1994.890381 608.530762	-0.084 -0.000 0.084
ttt_playerspawn	-185.645279 -498.503052 200.557205	0.052 0.000 0.052
ttt_playerspawn	8.514891 -1647.132324 -31.453623	-0.065 -0.000 0.065
ttt_playerspawn	-24.250219 246.147903 200.559021	-0.080 0.119 0.092
item_ammo_revolver_ttt	-473.373718 -1968.224976 992.357056	0.455 0.059 0.046
item_ammo_revolver_ttt	-496.047272 -1970.827759 992.351807	0.454 0.059 0.048
item_ammo_revolver_ttt	-401.040894 -2393.438721 1088.358765	0.456 0.059 0.045
item_ammo_revolver_ttt	-385.256836 -2408.484863 1088.392700	0.462 0.055 0.031
item_ammo_revolver_ttt	364.896545 -1989.926025 992.340576	0.452 0.064 0.052
item_ammo_revolver_ttt	341.823303 -1997.112305 992.317139	0.447 0.072 0.062
item_ammo_revolver_ttt	-393.167175 1001.524414 513.444702	0.451 0.057 0.040
item_ammo_revolver_ttt	-386.583130 1030.628296 513.399780	0.440 0.072 0.057
item_ammo_revolver_ttt	-431.879425 -2203.136475 384.371460	0.458 0.057 0.040
item_ammo_revolver_ttt	-415.648041 -2185.866211 384.317108	0.447 0.072 0.061
item_ammo_pistol_ttt	-248.924042 -1964.113037 992.411011	-0.077 -0.020 -0.023
item_ammo_pistol_ttt	-270.081665 -1968.254883 992.366821	-0.115 -0.019 -0.035
item_ammo_pistol_ttt	491.564697 -1975.561646 992.372681	-0.110 -0.019 -0.033
item_ammo_pistol_ttt	474.376221 -1975.723389 992.355347	-0.062 0.013 0.008
item_ammo_pistol_ttt	359.615540 -719.352295 384.399750	-0.087 -0.020 -0.026
item_ammo_pistol_ttt	328.673798 -734.694214 384.444641	-0.047 -0.020 -0.014
item_ammo_pistol_ttt	331.007507 -683.246826 384.402710	-0.084 -0.020 -0.025
weapon_ttt_m16	-244.158585 -1989.391724 992.864746	2.112 -5.691 83.895
weapon_ttt_m16	485.158783 -1999.711548 992.864929	2.110 -5.691 83.893
weapon_ttt_m16	334.986816 -707.555969 384.864319	2.117 -5.692 83.899
weapon_zm_shotgun	345.815186 -618.338623 385.017487	-0.190 -8.492 -83.388
weapon_zm_shotgun	326.537689 -841.910339 384.951111	-0.056 -8.493 -82.763
weapon_zm_revolver	-481.110535 -2000.358521 992.856506	2.224 -18.472 -84.155
weapon_zm_revolver	-394.070953 -2379.901123 1088.853027	2.223 -18.473 -84.119
weapon_zm_revolver	341.810638 -1982.882080 992.944153	2.258 -18.506 -85.054
weapon_zm_revolver	-397.989807 1011.409241 514.053101	2.067 -20.544 -85.679
weapon_zm_revolver	-439.450165 -2165.499512 384.835815	2.216 -18.399 -83.943
weapon_zm_mac10	-477.636993 1821.780029 484.471008	0.000 0.000 0.000
weapon_zm_mac10	-281.027008 2085.479980 484.471008	0.000 0.000 0.000
weapon_zm_mac10	453.428986 1934.199951 484.471008	0.000 0.000 0.000
weapon_zm_mac10	-20.119400 1463.839966 1000.469971	0.000 0.000 0.000
weapon_zm_mac10	-162.938995 -31.731701 518.247986	0.000 0.000 0.000
weapon_zm_mac10	-149.348999 -648.322021 388.471008	0.000 0.000 0.000
weapon_zm_mac10	278.683990 -790.021973 645.815002	0.000 0.000 0.000
weapon_zm_mac10	374.539001 -1861.640015 388.471008	0.000 0.000 0.000
weapon_zm_mac10	-201.798996 -2470.310059 150.328003	0.000 0.000 0.000
weapon_zm_mac10	-294.761993 -2149.360107 388.471008	0.000 0.000 0.000
weapon_zm_mac10	-341.760010 -2149.719971 462.343994	0.000 0.000 0.000
weapon_zm_mac10	389.268677 917.091675 385.222534	-0.127 -50.619 -88.400
