# Trouble in Terrorist Town weapon/ammo placement overrides
# For map: ttt_abbottabad_d
# Exported by: amber
setting:	replacespawns 0
weapon_ttt_smokegrenade	413.040466 15.945787 160.154037	-1.620 -1.419 -1.649
weapon_ttt_smokegrenade	517.611145 25.380060 160.175400	-1.164 -1.521 -1.184
weapon_ttt_smokegrenade	717.526245 5.171973 161.693863	19.300 -140.219 -90.488
weapon_ttt_smokegrenade	849.673706 17.933422 160.146881	-1.772 -1.379 -1.805
weapon_ttt_smokegrenade	871.813538 117.708488 320.161621	-1.458 -1.457 -1.484
weapon_ttt_smokegrenade	676.336792 104.328896 320.145630	-1.799 -1.352 -1.833
weapon_ttt_smokegrenade	469.242737 102.402672 320.143066	-1.854 -1.283 -1.889
weapon_ttt_smokegrenade	372.738281 122.885017 320.159546	-1.503 -1.457 -1.530
weapon_ttt_smokegrenade	613.719238 634.022827 0.148117	-1.746 -1.380 -1.779
weapon_ttt_smokegrenade	595.756897 647.014099 0.154038	-1.620 -1.419 -1.649
weapon_ttt_smokegrenade	312.618225 617.382446 160.146881	-1.773 -1.379 -1.806
weapon_ttt_smokegrenade	299.361023 649.754089 160.144348	-1.827 -1.288 -1.861
weapon_ttt_smokegrenade	547.637085 -560.369995 64.162636	-1.436 -1.479 -1.462
weapon_ttt_smokegrenade	507.854034 -589.350281 64.140396	-1.911 -1.293 -1.947
weapon_ttt_smokegrenade	576.786560 -458.556061 64.172020	-1.236 -1.516 -1.258
weapon_ttt_smokegrenade	509.029297 -420.638031 64.164627	-1.394 -1.486 -1.419
ttt_random_weapon	1075.471436 390.615570 12.849521	2.510 -0.702 -27.574	auto_ammo 2
ttt_random_weapon	1126.707520 380.718781 11.705619	6.753 -3.335 -52.625	auto_ammo 2
ttt_random_weapon	971.036316 -370.111877 -3.180921	15.734 -8.265 -71.101	auto_ammo 2
ttt_random_weapon	996.359375 -440.342529 53.403839	9.236 -10.872 -97.708	auto_ammo 2
ttt_random_weapon	975.928528 -530.024414 2.067686	15.299 -8.111 -69.196	auto_ammo 2
ttt_random_weapon	872.394104 -601.879456 20.092617	20.272 -16.941 -98.730	auto_ammo 2
ttt_random_weapon	543.131104 -628.252563 67.882072	7.358 -5.044 -60.240	auto_ammo 2
ttt_random_weapon	541.051208 -505.157471 67.881691	7.378 -5.044 -60.241	auto_ammo 2
ttt_random_weapon	543.999634 -405.651642 67.882034	7.360 -5.044 -60.240	auto_ammo 2
ttt_random_weapon	580.524353 268.970215 35.434196	9.124 -12.975 -98.204	auto_ammo 2
ttt_random_weapon	651.443970 247.060532 35.435921	9.132 -13.014 -98.460	auto_ammo 2
ttt_random_weapon	711.937805 224.008881 35.436214	9.136 -13.023 -98.515	auto_ammo 2
ttt_random_weapon	588.372253 623.880005 3.881302	7.397 -5.044 -60.243	auto_ammo 2
ttt_random_weapon	699.249512 292.332397 184.917862	6.989 -14.046 -125.807	auto_ammo 2
ttt_random_weapon	698.160767 281.112610 182.126480	7.425 -4.645 -60.887	auto_ammo 2
ttt_random_weapon	326.580963 421.704895 165.129562	9.105 -11.158 -97.962	auto_ammo 2
ttt_random_weapon	369.395721 165.249939 165.133011	9.114 -11.231 -98.429	auto_ammo 2
ttt_random_weapon	354.010223 244.778442 165.134598	9.119 -11.266 -98.659	auto_ammo 2
ttt_random_weapon	335.880066 631.319519 323.880798	7.423 -5.045 -60.246	auto_ammo 2
ttt_random_weapon	342.062561 714.235474 323.880646	7.431 -5.045 -60.247	auto_ammo 2
ttt_random_weapon	304.839355 236.883926 343.436066	9.077 -11.432 -98.806	auto_ammo 2
ttt_random_weapon	318.932709 465.614441 325.130188	9.109 -11.172 -98.053	auto_ammo 2
ttt_random_weapon	628.510010 525.624329 344.527039	9.084 -10.910 -98.294	auto_ammo 2
ttt_random_weapon	928.097900 291.715851 325.133972	9.121 -11.254 -98.586	auto_ammo 2
ttt_random_weapon	989.900208 240.593826 183.821823	-5.832 -22.745 -96.921	auto_ammo 2
ttt_random_weapon	911.299438 542.609070 5.132832	9.118 -11.228 -98.424	auto_ammo 2
ttt_random_weapon	-81.880989 633.399170 -7.293413	10.906 -7.307 -70.159	auto_ammo 2
ttt_random_weapon	199.224350 863.113464 -6.604393	6.974 -6.044 -61.811	auto_ammo 2
ttt_random_weapon	-411.346954 959.306458 -0.292519	12.903 -12.384 -70.808	auto_ammo 2
ttt_random_weapon	-433.133698 515.844360 16.675802	11.976 -15.481 -100.873	auto_ammo 2
ttt_random_weapon	-456.847992 -239.679138 5.220156	7.988 -10.852 -93.158	auto_ammo 2
ttt_random_weapon	-458.764374 41.855644 12.712363	8.845 -11.676 -97.831	auto_ammo 2
ttt_random_weapon	-187.844284 -698.955627 15.856638	8.151 -10.932 -98.251	auto_ammo 2
ttt_random_weapon	-201.098572 -515.296326 15.717467	9.256 -10.109 -89.378	auto_ammo 2
ttt_random_weapon	-89.161140 -489.561493 13.964806	11.528 -11.104 -97.900	auto_ammo 2
ttt_random_weapon	34.636936 -482.582153 5.023836	12.794 -15.298 -102.478	auto_ammo 2
ttt_random_weapon	-256.447754 -1317.245361 0.917534	8.012 -12.200 -96.797	auto_ammo 2
ttt_random_weapon	-200.140182 -1344.342529 0.466743	6.278 -4.687 -59.515	auto_ammo 2
ttt_random_weapon	843.610107 -1443.693848 1.641571	8.838 -14.810 -101.839	auto_ammo 2
ttt_random_weapon	774.906189 -1094.126831 3.882105	7.357 -5.044 -60.239	auto_ammo 2
ttt_random_weapon	874.865784 -1106.022827 3.879839	7.473 -5.048 -60.252	auto_ammo 2
ttt_random_weapon	1167.029297 -1325.295166 3.879725	7.480 -5.048 -60.253	auto_ammo 2
ttt_random_weapon	1076.154907 -1336.024536 3.882724	7.325 -5.043 -60.236	auto_ammo 2
ttt_random_weapon	1176.304321 -1102.777466 163.881348	7.395 -5.044 -60.243	auto_ammo 2
ttt_random_weapon	1244.173096 -1194.311401 163.881012	7.412 -5.045 -60.245	auto_ammo 2
ttt_random_weapon	694.503479 -1284.662720 163.881699	7.378 -5.044 -60.241	auto_ammo 2
ttt_random_weapon	667.683960 -1057.817749 163.881210	7.402 -5.044 -60.244	auto_ammo 2
ttt_random_weapon	662.396912 -1174.811890 163.880402	7.443 -5.046 -60.248	auto_ammo 2
ttt_random_weapon	-57.131214 -734.880615 18.515989	14.358 -8.747 -71.141	auto_ammo 2
ttt_random_weapon	38.232204 -720.593506 11.966263	12.752 -8.944 -69.621	auto_ammo 2
ttt_random_weapon	309.694580 102.182358 323.882507	7.338 -5.043 -60.237	auto_ammo 2
ttt_random_weapon	557.483093 115.705185 323.879608	7.496 -5.051 -60.258	auto_ammo 2
ttt_random_weapon	746.707947 110.972511 323.880249	7.523 -5.054 -60.281	auto_ammo 2
ttt_random_weapon	951.567200 115.616516 323.880402	7.443 -5.046 -60.248	auto_ammo 2
ttt_random_weapon	338.058258 5.650071 163.880463	7.440 -5.045 -60.248	auto_ammo 2
ttt_random_weapon	573.340881 18.109119 163.880585	7.434 -5.045 -60.247	auto_ammo 2
ttt_random_weapon	718.870117 16.380968 163.873596	7.338 -4.905 -60.087	auto_ammo 2
ttt_random_weapon	917.981506 22.494013 163.881653	7.380 -5.044 -60.242	auto_ammo 2
ttt_random_weapon	-47.562256 512.651672 5.763956	-4.415 -25.187 110.674	auto_ammo 2
ttt_random_weapon	167.949249 430.981781 -1.514908	8.567 -11.991 -100.573	auto_ammo 2
weapon_zm_molotov	409.655609 124.170280 320.168457	-1.313 -1.505 -1.336
weapon_zm_molotov	661.916077 127.563957 320.162659	-1.436 -1.479 -1.462
weapon_zm_molotov	502.638947 132.272919 320.152893	-1.644 -1.424 -1.674
weapon_zm_molotov	833.665344 141.817291 320.150543	-1.694 -1.375 -1.726
weapon_zm_molotov	448.892975 23.051861 160.150543	-1.694 -1.375 -1.726
weapon_zm_molotov	819.551758 31.056623 160.149338	-1.720 -1.377 -1.752
weapon_zm_molotov	917.421509 11.229878 160.148117	-1.746 -1.381 -1.778
weapon_zm_molotov	973.409363 34.442039 160.164627	-1.394 -1.486 -1.419
weapon_zm_molotov	598.507080 590.289856 0.160580	-1.480 -1.456 -1.507
item_ammo_357_ttt	945.646973 -1054.358398 160.336594	0.451 0.065 0.053
item_ammo_357_ttt	932.720642 -1060.517822 160.359161	0.467 -0.146 0.019
weapon_zm_rifle	940.236450 -1081.930176 159.139130	3.619 12.633 65.625
item_ammo_revolver_ttt	298.102020 681.222839 160.323914	0.449 0.069 0.058
item_ammo_revolver_ttt	301.594055 666.073425 160.362091	0.456 0.058 0.043
weapon_ttt_confgrenade	516.082947 -564.564209 66.196930	-37.293 -48.672 -92.433
weapon_ttt_confgrenade	512.914063 -460.428131 66.097275	-35.771 -50.171 -90.044
weapon_ttt_confgrenade	581.585022 -508.842987 66.161987	-36.759 -49.230 -91.577
weapon_ttt_confgrenade	550.963989 -597.209717 66.089203	-35.648 -50.271 -89.857
weapon_ttt_confgrenade	549.138367 -435.333374 66.103172	-35.861 -50.088 -90.181
weapon_zm_sledge	669.588135 -52.946640 317.761230	18.514 0.065 3.450
weapon_zm_revolver	297.357971 704.869141 160.970520	1.911 -18.795 -85.949
