# Trouble in Terrorist Town weapon/ammo placement overrides
# For map: ttt_casino_b2
# Exported by: amber
setting:	replacespawns 1
weapon_ttt_smokegrenade	1138.839966 1604.920044 -419.907013	0.000 0.000 0.000
weapon_ttt_smokegrenade	1150.540039 1605.310059 -419.907013	0.000 0.000 0.000
weapon_ttt_smokegrenade	2023.390015 427.576996 -552.906982	0.000 0.000 0.000
weapon_ttt_smokegrenade	1979.689941 1083.150024 -471.907013	0.000 0.000 0.000
weapon_ttt_smokegrenade	1968.020020 1223.939941 -471.907013	0.000 0.000 0.000
weapon_ttt_smokegrenade	35.775620 1611.959717 -397.439728	-0.968 -1.480 -0.696
weapon_ttt_smokegrenade	-9.661460 1570.882568 -397.471222	-1.989 -1.378 -1.431
weapon_ttt_smokegrenade	1273.146729 1552.083740 -156.496979	-3.578 -0.174 0.679
weapon_ttt_smokegrenade	1273.207520 1519.731812 -156.500320	-0.334 -0.232 0.070
weapon_ttt_smokegrenade	1194.795288 1509.536133 -156.560745	-1.468 1.077 -1.811
weapon_ttt_smokegrenade	1261.279419 1382.740601 -233.430496	-29.761 80.409 -89.985
weapon_ttt_smokegrenade	1261.154419 1376.077271 -233.199112	24.496 -117.486 90.065
weapon_ttt_smokegrenade	1244.829468 1378.937012 -233.627121	20.087 170.807 -90.272
weapon_ttt_smokegrenade	1269.766235 1372.901978 -233.633789	18.812 33.565 -90.693
weapon_ttt_smokegrenade	1262.993530 1381.028809 -235.089828	0.002 11.011 0.005
weapon_ttt_smokegrenade	1267.254639 1384.171143 -233.818344	-40.324 52.325 -47.413
weapon_ttt_smokegrenade	1250.526611 1378.951660 -235.069916	-0.613 4.015 0.852
weapon_ttt_smokegrenade	1254.656250 1381.029419 -229.627853	42.339 -85.572 130.515
weapon_ttt_smokegrenade	1324.454346 1606.617188 -269.512939	-1.088 -1.301 -0.627
weapon_ttt_smokegrenade	1945.695068 1207.148071 -464.715302	15.557 3.668 -37.026
weapon_ttt_smokegrenade	1945.972900 1206.437500 -461.598572	50.551 3.183 30.492
weapon_ttt_smokegrenade	1946.764282 1324.653076 -464.366699	11.969 31.716 45.597
weapon_ttt_smokegrenade	54.152809 -222.850891 -245.516022	-1.121 -1.303 -0.646
weapon_ttt_smokegrenade	15.779962 -222.272614 -245.519196	-1.155 -1.300 -0.666
weapon_ttt_smokegrenade	-20.784843 -223.339066 -245.504211	-0.994 -1.332 -0.573
ttt_random_weapon	-83.383224 -718.671509 -409.761047	7.415 -5.045 -60.245	auto_ammo 2
ttt_random_weapon	304.347198 -1074.387573 -409.761780	7.523 -5.054 -60.281	auto_ammo 2
ttt_random_weapon	293.992004 -1358.187988 -409.761200	7.423 -5.045 -60.246	auto_ammo 2
ttt_random_weapon	940.196228 -1057.095093 -392.516357	9.224 -11.443 -97.672	auto_ammo 2
ttt_random_weapon	818.701843 -139.469696 -392.502594	9.088 -11.661 -98.882	auto_ammo 2
ttt_random_weapon	1045.468384 -142.314606 -392.509460	9.092 -11.535 -97.997	auto_ammo 2
ttt_random_weapon	-311.460358 373.891724 -393.774017	7.358 3.903 -59.958	auto_ammo 2
ttt_random_weapon	315.486176 1364.808960 -392.514343	9.186 -14.366 -97.769	auto_ammo 2
ttt_random_weapon	322.420105 977.753784 -392.772003	-0.582 -46.589 125.238	auto_ammo 2
ttt_random_weapon	15.636345 1544.499023 -392.504730	9.089 -11.622 -98.592	auto_ammo 2
ttt_random_weapon	-276.767365 1552.077271 -240.510498	9.095 -11.560 -98.162	auto_ammo 2
ttt_random_weapon	-275.327423 1157.889404 -240.504883	9.092 -11.663 -98.897	auto_ammo 2
ttt_random_weapon	-269.683075 985.034546 -240.511826	9.095 -11.535 -98.000	auto_ammo 2
ttt_random_weapon	1295.985474 1850.716919 -264.520813	9.104 -11.201 -97.911	auto_ammo 2
ttt_random_weapon	1061.571167 1840.141479 -264.519287	9.100 -11.173 -97.733	auto_ammo 2
ttt_random_weapon	986.017517 1837.015381 -264.522949	9.109 -11.227 -98.086	auto_ammo 2
ttt_random_weapon	1261.324463 1609.117554 -213.378510	9.091 -13.130 -98.548	auto_ammo 2
ttt_random_weapon	1248.288208 1648.376709 -264.519501	9.101 -11.178 -97.766	auto_ammo 2
ttt_random_weapon	952.366333 1397.735474 -264.518768	9.100 -11.175 -97.747	auto_ammo 2
ttt_random_weapon	1094.991211 1313.273438 -246.339340	6.286 -15.232 -148.924	auto_ammo 2
ttt_random_weapon	1095.348145 1302.020874 -250.322845	6.877 -2.892 -57.868	auto_ammo 2
ttt_random_weapon	1100.916626 1285.963013 -249.228836	-0.043 18.261 124.910	auto_ammo 2
ttt_random_weapon	1088.855347 1305.386475 -241.706726	9.194 -2.623 -61.658	auto_ammo 2
ttt_random_weapon	1094.404053 1293.040283 -245.911758	-7.588 11.416 75.475	auto_ammo 2
ttt_random_weapon	500.866699 1510.979980 -264.521729	9.267 -11.027 -97.473	auto_ammo 2
ttt_random_weapon	468.933685 1126.130859 -241.761642	7.446 -5.046 -60.248	auto_ammo 2
ttt_random_weapon	641.035095 1063.610596 -241.759995	7.362 -5.044 -60.240	auto_ammo 2
ttt_random_weapon	290.900452 976.527344 -241.861862	6.997 -10.163 -59.459	auto_ammo 2
ttt_random_weapon	-117.284592 -510.515656 -320.511322	9.112 -11.182 -98.125	auto_ammo 2
ttt_random_weapon	129.906921 -503.624451 -320.509674	9.117 -11.218 -98.353	auto_ammo 2
ttt_random_weapon	-136.259567 -51.503922 -240.524109	9.113 -11.278 -98.427	auto_ammo 2
ttt_random_weapon	154.550827 -58.698269 -240.523911	9.113 -11.277 -98.414	auto_ammo 2
ttt_random_weapon	-380.082886 373.769257 -240.505051	9.074 84.355 -98.792	auto_ammo 2
ttt_random_weapon	-184.754486 -54.657097 -393.414642	10.113 7.629 -69.023	auto_ammo 2
ttt_random_weapon	479.622803 400.732574 -392.690369	-0.228 -98.171 125.139	auto_ammo 2
ttt_random_weapon	323.145844 404.392944 -392.516418	9.268 -68.498 -97.823	auto_ammo 2
ttt_random_weapon	1823.501465 1435.086060 -264.528076	9.121 -11.320 -98.709	auto_ammo 2
ttt_random_weapon	2123.032471 505.647705 -553.761597	7.440 -5.045 -60.248	auto_ammo 2
ttt_random_weapon	2118.382080 467.499390 -553.761414	7.431 -5.045 -60.247	auto_ammo 2
ttt_random_weapon	2127.468750 547.264709 -553.759827	7.352 -5.044 -60.239	auto_ammo 2
ttt_random_weapon	2840.681152 816.812683 -553.761047	7.411 3.415 -60.309	auto_ammo 2
ttt_random_weapon	2613.761719 1374.586792 -552.510925	9.094 -11.551 -98.108	auto_ammo 2
ttt_random_weapon	2465.073486 1352.909790 -552.513184	9.094 -11.511 -97.840	auto_ammo 2
ttt_random_weapon	2462.263428 1220.902344 -552.505737	9.094 -11.647 -98.786	auto_ammo 2
ttt_random_weapon	2625.994873 1231.964111 -552.311157	0.672 -10.629 -96.987	auto_ammo 2
ttt_random_weapon	2622.428223 1078.322510 -552.511414	9.094 -11.542 -98.052	auto_ammo 2
ttt_random_weapon	2470.082275 1093.401123 -552.515259	9.094 -11.475 -97.598	auto_ammo 2
ttt_random_weapon	2469.994873 1064.454346 -552.508667	9.095 -11.592 -98.394	auto_ammo 2
ttt_random_weapon	2618.211182 1066.652710 -552.506714	9.094 -11.629 -98.653	auto_ammo 2
ttt_random_weapon	2618.218750 1207.008789 -552.509216	9.095 -11.582 -98.324	auto_ammo 2
ttt_random_weapon	2461.932861 1203.796021 -552.511719	9.155 -11.543 -98.244	auto_ammo 2
ttt_random_weapon	2464.030029 1400.583740 -552.511475	9.094 -11.541 -98.043	auto_ammo 2
ttt_random_weapon	2600.648438 1354.840332 -552.517395	9.188 -9.205 -97.689	auto_ammo 2
ttt_random_weapon	2275.950195 864.314148 -552.513245	9.094 -11.509 -97.830	auto_ammo 2
ttt_random_weapon	2140.949219 941.588684 -472.512177	9.096 -11.528 -97.960	auto_ammo 2
ttt_random_weapon	2151.155762 1515.218750 -472.519409	9.232 -11.432 -97.613	auto_ammo 2
ttt_random_weapon	1506.637695 705.669434 -472.507507	9.111 -11.262 -98.617	auto_ammo 2
ttt_random_weapon	880.464172 705.151001 -472.508514	9.109 -11.239 -98.471	auto_ammo 2
ttt_random_weapon	909.567505 1079.111694 -472.512573	9.101 -11.156 -97.932	auto_ammo 2
ttt_random_weapon	899.154114 1268.446533 -473.844452	7.133 74.449 -59.589	auto_ammo 2
ttt_random_weapon	1287.152222 1508.378784 -472.510559	9.105 -11.197 -98.193	auto_ammo 2
ttt_random_weapon	533.140503 833.377136 -472.508484	9.097 -11.597 -98.426	auto_ammo 2
ttt_random_weapon	1194.105225 102.299576 -392.506165	9.113 -11.242 -98.500	auto_ammo 2
ttt_random_weapon	-49.755100 1875.015625 -240.512344	9.095 -11.526 -97.937	auto_ammo 2
ttt_random_weapon	94.032776 1871.998901 -240.510223	9.095 -11.565 -98.197	auto_ammo 2
ttt_random_weapon	1467.905396 -467.039948 -265.349823	10.429 -5.320 -69.752	auto_ammo 2
ttt_random_weapon	1450.116577 -603.780334 -264.693390	0.321 -21.932 125.375	auto_ammo 2
ttt_random_weapon	287.114044 1557.236694 -241.375198	10.202 -6.259 -69.017	auto_ammo 2
ttt_random_weapon	-80.486488 1193.170044 -349.806671	-10.844 -15.013 -98.809	auto_ammo 2
ttt_random_weapon	93.236000 944.200256 -351.614960	7.163 28.030 -59.793	auto_ammo 2
ttt_random_weapon	1744.292603 852.813538 -264.514404	9.135 -11.842 -97.839	auto_ammo 2
ttt_random_weapon	1753.611816 1009.575073 -264.507202	9.120 -13.029 -98.694	auto_ammo 2
ttt_random_weapon	883.989990 487.755249 -473.763733	7.398 -98.217 -60.191	auto_ammo 2
ttt_random_weapon	-293.396667 1357.818970 -392.516052	9.201 -11.437 -97.628	auto_ammo 2
ttt_random_weapon	-436.507019 -6.317093 -409.759827	7.353 -5.044 -60.239	auto_ammo 2
ttt_random_weapon	-469.724426 466.295868 -409.760071	7.366 -5.044 -60.240	auto_ammo 2
ttt_random_weapon	-451.181061 675.405151 -409.759766	7.350 -5.044 -60.239	auto_ammo 2
ttt_random_weapon	1873.595215 -255.842285 -265.969086	2.619 -3.223 -36.277	auto_ammo 2
ttt_random_weapon	1878.755249 69.591454 -264.511932	9.087 -29.313 -97.955	auto_ammo 2
ttt_random_weapon	1767.674194 104.921555 -264.528656	9.121 -11.307 -98.633	auto_ammo 2
ttt_random_weapon	1747.989258 237.749924 -264.516388	9.175 -13.141 -97.753	auto_ammo 2
ttt_random_weapon	1842.770142 578.779602 -224.508011	9.078 -17.969 -98.410	auto_ammo 2
ttt_random_weapon	1775.792725 624.028381 -224.565735	9.175 -162.412 -96.951	auto_ammo 2
ttt_random_weapon	29.215235 271.550659 -392.504669	9.095 -11.626 -98.625	auto_ammo 2
ttt_random_weapon	-259.368439 33.824749 -392.691772	0.086 -96.990 125.236	auto_ammo 2
ttt_random_weapon	-305.743500 781.695313 -392.708160	-0.281 -31.414 125.088	auto_ammo 2
ttt_random_weapon	-301.489960 976.267700 -392.517029	9.186 -53.275 -97.464	auto_ammo 2
ttt_random_weapon	334.685699 1655.337036 -392.506470	9.095 -11.593 -98.387	auto_ammo 2
ttt_random_weapon	327.354584 777.084412 -392.518829	9.246 12.217 -97.471	auto_ammo 2
ttt_random_weapon	2158.387207 -520.799255 -264.865875	9.095 -11.608 -98.495	auto_ammo 2
ttt_random_weapon	1807.689087 -1076.305054 -250.577133	9.204 -10.330 -98.249	auto_ammo 2
ttt_random_weapon	938.753174 -829.795471 -392.506134	9.091 -11.596 -98.413	auto_ammo 2
ttt_random_weapon	1452.924072 1281.729004 -472.512085	9.102 -11.166 -97.993	auto_ammo 2
ttt_random_weapon	1665.113403 609.565857 -472.520569	9.285 -11.440 -97.668	auto_ammo 2
ttt_random_weapon	1483.819702 489.531403 -472.504974	9.079 -11.336 -98.826	auto_ammo 2
ttt_random_weapon	486.912994 861.041809 -241.760544	7.391 -5.044 -60.243	auto_ammo 2
item_ammo_smg1_ttt	1992.760010 1253.500000 -476.296997	0.000 90.000 0.000
item_ammo_smg1_ttt	1991.932373 1279.174194 -477.205597	0.061 90.092 0.011
item_ammo_smg1_ttt	1652.339966 147.044006 -316.296997	0.000 0.000 0.000
item_ammo_smg1_ttt	1594.540039 147.205002 -316.296997	0.000 0.000 0.000
item_ammo_smg1_ttt	2024.830200 482.760620 -544.239197	0.206 -0.055 0.054
item_ammo_smg1_ttt	2041.901489 482.796356 -544.198730	0.351 -1.943 0.438
item_ammo_smg1_ttt	2030.235840 483.538788 -530.507813	-0.000 -0.569 0.197
item_ammo_smg1_ttt	243.167023 1155.754761 -245.081924	0.077 0.323 -0.029
item_ammo_smg1_ttt	235.314102 816.883789 -245.141281	-0.828 0.010 -0.614
item_ammo_smg1_ttt	-204.325455 940.507263 -245.215469	0.600 -0.003 0.391
item_ammo_smg1_ttt	-207.785706 1011.452515 -245.139679	0.089 -0.178 -0.143
weapon_zm_molotov	22.988039 1579.501709 -397.442047	-1.043 -1.477 -0.750
weapon_zm_molotov	-4.581909 1613.889526 -397.458130	-1.564 -1.441 -1.125
weapon_zm_molotov	1305.176025 1368.756714 -229.472153	-2.502 -1.323 -1.368
weapon_zm_molotov	1286.342529 1370.671509 -229.451477	-1.744 -1.459 -0.953
weapon_zm_molotov	1228.636230 1369.707397 -229.456757	-1.937 -1.428 -1.059
weapon_zm_molotov	1203.423828 1368.207031 -229.453674	-1.824 -1.448 -0.997
weapon_zm_molotov	1790.832275 1488.299194 -230.430435	-0.546 -1.738 -0.830
weapon_zm_molotov	1822.170410 1485.607178 -230.426514	-0.507 -1.743 -0.770
weapon_zm_molotov	1600.325806 591.726074 -218.536560	-1.052 -1.485 -1.608
weapon_zm_molotov	1599.037842 614.795959 -218.499298	-0.682 -1.712 -1.039
weapon_zm_molotov	1656.259399 -630.028992 -217.112137	-0.858 -1.781 -1.006
weapon_zm_molotov	1948.306519 1092.712036 -464.745056	17.606 -19.974 34.498
weapon_zm_molotov	1947.194458 1147.169556 -464.936707	12.793 5.348 -36.635
item_box_buckshot_ttt	1924.380005 682.359985 -268.347992	0.000 0.000 0.000
item_box_buckshot_ttt	1922.869995 728.942017 -268.347992	0.000 0.000 0.000
item_box_buckshot_ttt	2518.879883 1352.609985 -556.348022	0.000 0.000 0.000
item_box_buckshot_ttt	2582.090576 1353.592773 -557.191589	-0.364 1.289 0.026
item_box_buckshot_ttt	1250.920044 1423.069946 -424.347992	0.000 0.000 0.000
item_box_buckshot_ttt	1198.079956 1422.630005 -424.347992	0.000 0.000 0.000
item_box_buckshot_ttt	995.669983 1725.979980 -268.347992	0.000 0.000 0.000
item_box_buckshot_ttt	1056.910034 1726.140015 -268.347992	0.000 0.000 0.000
item_box_buckshot_ttt	911.750977 -986.414978 -350.802002	0.000 0.000 0.000
item_box_buckshot_ttt	971.090027 -986.398987 -350.802002	0.000 0.000 0.000
item_box_buckshot_ttt	2519.786621 1373.733887 -557.183472	0.194 -1.728 -0.034
item_box_buckshot_ttt	2582.520020 1373.000000 -556.348022	0.000 0.000 0.000
item_ammo_357_ttt	2057.260010 414.492004 -556.366028	0.000 0.000 0.000
item_ammo_357_ttt	2043.270020 415.372986 -556.366028	0.000 0.000 0.000
ttt_random_ammo	1184.053589 1562.110962 -265.150818	0.069 174.084 0.000
ttt_random_ammo	1189.582520 1550.805542 -265.151184	-0.000 -112.148 0.108
ttt_random_ammo	1968.270020 1206.890015 -476.640991	0.000 0.000 0.000
ttt_random_ammo	1968.750000 1214.069946 -476.640991	0.000 0.000 0.000
ttt_random_ammo	2016.680054 334.227997 -268.640991	0.000 0.000 0.000
ttt_random_ammo	1034.540039 1303.609985 -268.640991	0.000 0.000 0.000
ttt_random_ammo	1034.849976 1290.910034 -268.640991	0.000 0.000 0.000
ttt_random_ammo	12.028800 1605.770020 -396.640015	0.000 0.000 0.000
ttt_random_ammo	1017.210022 1431.869995 -232.802994	0.000 0.000 0.000
ttt_random_ammo	1017.179993 1446.869995 -232.802994	0.000 0.000 0.000
ttt_random_ammo	100.240196 934.969666 -355.019165	0.838 -15.211 -0.208
ttt_random_ammo	-71.352104 1198.566895 -352.822144	1.035 -28.970 -89.474
ttt_random_ammo	1547.300049 799.456970 -438.355011	0.000 0.000 0.000
ttt_random_ammo	1548.630005 839.927002 -438.355011	0.000 0.000 0.000
ttt_random_ammo	1982.800049 1312.729980 -477.640991	0.000 0.000 0.000
ttt_random_ammo	1982.920044 1336.859985 -477.640991	0.000 0.000 0.000
ttt_random_ammo	1980.719971 1094.040039 -477.640991	0.000 0.000 0.000
ttt_random_ammo	2840.550049 920.549988 -556.640991	0.000 0.000 0.000
ttt_random_ammo	2841.070068 904.770996 -556.640991	0.000 0.000 0.000
ttt_random_ammo	-20.700600 -513.307007 -325.640991	0.000 0.000 0.000
ttt_random_ammo	54.412102 -513.668030 -325.640991	0.000 0.000 0.000
ttt_random_ammo	-304.306000 1629.160034 -396.640015	0.000 0.000 0.000
ttt_random_ammo	-303.054993 1619.250000 -396.640015	0.000 0.000 0.000
ttt_random_ammo	1105.530029 1616.079956 -424.640991	0.000 0.000 0.000
ttt_random_ammo	1105.030029 1602.680054 -424.640991	0.000 0.000 0.000
ttt_random_ammo	2030.790039 457.411987 -460.640991	0.000 0.000 0.000
ttt_random_ammo	2032.199951 485.690002 -460.640991	0.000 0.000 0.000
ttt_random_ammo	666.971008 1099.150024 -244.641006	0.000 0.000 0.000
ttt_random_ammo	623.973999 1099.420044 -244.641006	0.000 0.000 0.000
ttt_random_ammo	378.998993 396.072998 -396.640015	0.000 0.000 0.000
ttt_random_ammo	420.618988 396.523987 -396.640015	0.000 0.000 0.000
ttt_random_ammo	1553.459961 -99.623596 -268.640991	0.000 0.000 0.000
ttt_random_ammo	1554.839966 -56.091400 -268.640991	0.000 0.000 0.000
ttt_random_ammo	2630.399902 1011.619995 -556.640991	0.000 0.000 0.000
ttt_random_ammo	2631.070068 1036.109985 -556.640991	0.000 0.000 0.000
ttt_random_ammo	2452.189941 1008.570007 -556.640991	0.000 0.000 0.000
ttt_random_ammo	2451.449951 1035.650024 -556.640991	0.000 0.000 0.000
ttt_random_ammo	-466.000000 618.000000 -384.998993	0.000 0.000 0.000
ttt_random_ammo	5.200259 1501.535645 -397.158600	-0.786 0.018 -0.854
ttt_random_ammo	26.982584 1511.195801 -397.264252	-0.277 -0.003 0.216
ttt_random_ammo	1190.821777 1545.507446 -262.002045	-89.534 112.058 -90.004
ttt_random_ammo	1195.158081 1543.090088 -262.976654	-0.144 -62.404 -89.959
ttt_random_ammo	1187.831543 1523.327026 -262.978088	0.864 178.592 -90.002
ttt_random_ammo	1193.527710 1519.117432 -262.973877	-1.088 -81.941 -89.993
ttt_random_ammo	1185.543945 1578.310913 -262.993622	1.169 -83.689 -90.011
ttt_random_ammo	1199.229614 1561.727417 -256.883057	-1.822 176.479 -131.842
ttt_random_ammo	1232.695068 1585.027710 -263.007324	0.138 90.058 -89.787
ttt_random_ammo	1202.321411 1561.365723 -262.959503	0.168 -17.106 -90.072
ttt_random_ammo	1192.564575 1562.461060 -262.891571	0.016 146.601 90.084
ttt_random_ammo	1665.584717 -433.468811 -218.283249	0.088 -0.000 -0.044
ttt_random_ammo	1694.020142 -433.708069 -218.275284	0.149 -0.001 -0.122
ttt_random_ammo	1716.705811 -434.922333 -218.310318	0.046 -0.000 0.022
ttt_random_ammo	2038.822998 -622.510742 -245.500687	0.304 -0.219 0.075
ttt_random_ammo	1876.829712 285.429779 -245.541458	-0.108 -0.380 0.899
ttt_random_ammo	1876.651367 205.951416 -245.540955	-0.147 0.267 -0.019
ttt_random_ammo	1721.005981 458.692902 -230.257584	0.043 0.000 -0.028
ttt_random_ammo	1677.416870 456.873230 -230.231598	0.058 0.000 0.005
ttt_random_ammo	1599.386719 574.877136 -218.256958	0.822 0.009 0.950
ttt_random_ammo	1598.729248 602.960388 -218.308304	0.044 0.000 -0.024
ttt_random_ammo	1600.460938 636.997742 -218.274994	0.109 0.000 0.073
ttt_random_ammo	1600.791260 719.801208 -216.888947	-0.056 -0.000 0.004
ttt_random_ammo	1675.445801 752.518372 -230.224930	-0.095 -0.000 0.054
ttt_random_ammo	1702.826782 753.664307 -230.289368	0.048 0.000 -0.039
ttt_random_ammo	1722.291138 756.653870 -230.262070	0.043 0.000 -0.030
ttt_random_ammo	1878.525024 1006.132874 -245.480591	0.458 0.448 -0.163
ttt_random_ammo	1877.594971 929.774292 -245.509125	-0.273 -0.274 0.975
ttt_random_ammo	1809.924927 1478.215820 -230.246063	-0.049 -0.000 -0.013
ttt_random_ammo	1840.356934 1488.040161 -230.253220	0.043 0.000 -0.025
ttt_random_ammo	1148.348145 1312.336304 -269.255951	0.299 0.003 0.143
ttt_random_ammo	1148.313599 1294.041992 -269.261383	-0.294 -0.003 0.198
ttt_random_ammo	-180.718018 -56.536541 -221.463806	-0.136 0.245 -0.563
ttt_random_ammo	204.251175 -58.577541 -221.513626	-0.166 0.390 -1.885
ttt_random_ammo	-383.487000 180.567581 -245.244781	-0.326 -0.003 0.081
ttt_random_ammo	-383.421936 262.595581 -245.274261	-0.310 -0.003 0.240
ttt_random_ammo	-421.561249 -48.063332 -413.268433	-0.284 -0.003 0.222
ttt_random_ammo	-437.879669 30.356230 -413.288483	-0.324 0.003 -0.265
ttt_random_ammo	-484.259644 483.284027 -413.263000	-0.275 -0.003 0.208
ttt_random_ammo	-443.302490 579.914368 -398.515106	0.002 -0.018 -0.002
ttt_random_ammo	-434.748962 609.168030 -398.514618	0.005 -0.017 -0.005
ttt_random_ammo	-466.146484 579.016052 -398.515320	0.008 -0.016 -0.008
ttt_random_ammo	-475.619873 603.164917 -398.514709	0.010 -0.018 -0.013
ttt_random_ammo	-464.335663 545.192200 -398.516449	0.015 -0.016 -0.017
ttt_random_ammo	-426.992676 537.895691 -398.516815	0.021 -0.018 -0.024
ttt_random_ammo	361.461304 443.751556 -373.524841	-0.034 -0.185 -1.093
ttt_random_ammo	440.046509 444.093903 -373.553162	0.253 -0.282 -0.077
ttt_random_ammo	15.269687 -512.618958 -325.291656	0.334 0.003 0.269
ttt_random_ammo	53.761433 -488.928345 -325.264252	0.292 0.003 0.191
ttt_random_ammo	15.388880 -491.959686 -325.266022	0.293 0.003 0.199
ttt_random_ammo	-20.357519 -493.993011 -325.237305	0.652 0.002 -0.387
ttt_random_ammo	-385.004913 222.014496 -245.266922	-0.299 0.003 -0.218
ttt_random_ammo	392.237000 174.530228 -222.350800	0.045 0.000 -0.032
ttt_random_ammo	394.759399 239.235626 -222.297226	0.156 0.001 0.131
ttt_random_ammo	398.059814 210.082260 -222.366226	0.048 0.000 -0.038
ttt_random_ammo	2040.169922 -443.429443 -245.526489	-0.066 0.004 -0.474
weapon_zm_rifle	2034.449951 403.868011 -554.684998	0.000 0.000 0.000
weapon_ttt_glock	-279.616180 -1039.110840 -420.531555	-0.681 25.851 91.290
weapon_ttt_glock	-345.177307 -1040.048462 -420.529816	-0.789 25.828 91.508
weapon_ttt_glock	-485.835999 -1214.868408 -420.530243	-0.762 25.837 91.453
weapon_ttt_glock	-489.953552 -1259.548462 -420.530792	-0.728 25.839 91.385
weapon_ttt_glock	-323.819244 -1414.778809 -420.529358	-0.817 25.814 91.564
weapon_ttt_glock	-292.043671 -1415.848877 -420.533081	-0.586 25.858 91.099
weapon_ttt_glock	-123.296448 -1273.710815 -420.529358	-0.817 25.814 91.564
weapon_ttt_glock	-115.631706 -1232.376343 -420.532471	-0.624 25.855 91.176
weapon_ttt_glock	1516.581421 1406.314575 -233.775070	-0.816 25.596 91.596
weapon_ttt_glock	1484.818970 1308.270142 -268.578033	-0.555 25.482 90.366
weapon_ttt_glock	681.105408 1219.978394 -244.818039	-0.403 25.934 90.574
weapon_ttt_glock	733.564636 1174.147827 -244.857178	-0.842 25.590 91.637
ttt_playerspawn	-518.391663 -1429.714600 -420.120972	0.077 0.000 0.077
ttt_playerspawn	-600.046936 -1252.529663 -420.096161	0.053 0.000 0.053
ttt_playerspawn	-539.894836 -1068.009766 -420.092041	0.071 -0.000 -0.071
ttt_playerspawn	-394.415436 -955.397705 -420.061432	0.027 -0.000 -0.027
ttt_playerspawn	-251.795380 -945.665466 -420.080750	0.055 -0.000 -0.055
ttt_playerspawn	-110.784584 -1023.288696 -420.082550	0.057 -0.000 -0.057
ttt_playerspawn	-18.853609 -1147.283936 -420.078644	0.036 0.000 0.036
ttt_playerspawn	-11.489371 -1287.001953 -420.082703	0.040 0.000 0.040
ttt_playerspawn	-74.421234 -1410.064331 -420.071228	0.029 0.000 0.028
ttt_playerspawn	-210.016739 -1482.112061 -420.124603	0.081 0.000 0.081
ttt_playerspawn	-317.694061 -1494.318726 -420.089294	0.046 0.000 0.046
ttt_playerspawn	-433.110809 -1475.316040 -420.101288	0.058 0.000 0.058
ttt_playerspawn	382.094238 -534.970154 -396.063202	0.032 -0.000 -0.032
ttt_playerspawn	405.791931 247.086029 -396.078857	0.054 -0.000 -0.054
ttt_playerspawn	-102.155602 98.928513 -396.072388	0.045 -0.000 -0.045
ttt_playerspawn	-108.516319 324.828674 -396.079834	0.039 -0.000 -0.039
ttt_playerspawn	97.206886 350.266571 -396.069580	0.041 -0.000 -0.041
ttt_playerspawn	141.789124 122.315895 -396.088501	0.048 -0.000 -0.048
ttt_playerspawn	-31.192001 1021.568604 -396.079437	0.055 -0.000 -0.055
ttt_playerspawn	50.161213 1152.477783 -396.070038	0.042 -0.000 -0.042
ttt_playerspawn	-114.954491 1778.741943 -244.071411	0.040 -0.000 -0.040
ttt_playerspawn	142.468918 1786.807251 -244.164810	-0.038 -0.031 0.126
ttt_playerspawn	1104.168945 1418.683350 -268.176788	-0.013 -0.000 0.013
ttt_playerspawn	1428.921997 1390.708374 -268.172760	-0.013 -0.000 0.013
ttt_playerspawn	1590.357300 1404.185181 -268.159668	-0.012 -0.000 0.012
ttt_playerspawn	1085.162476 1211.662231 -268.138702	0.010 0.000 0.010
ttt_playerspawn	1369.907349 1234.967529 -268.135834	-0.009 -0.000 0.009
ttt_playerspawn	1025.344482 1237.268799 -476.152771	-0.011 -0.000 0.011
ttt_playerspawn	1265.836670 1265.933105 -476.154480	-0.011 -0.000 0.011
ttt_playerspawn	1345.100830 508.133484 -476.060333	-0.163 -0.054 -0.159
ttt_playerspawn	1062.024170 478.884430 -476.131683	-0.009 -0.000 0.009
ttt_playerspawn	1435.213623 880.065796 -476.095764	-0.016 0.007 0.151
ttt_playerspawn	970.186096 892.560242 -476.096466	0.038 0.064 0.084
ttt_playerspawn	2269.518555 794.849060 -556.045898	-0.035 0.000 -0.045
ttt_playerspawn	2029.522705 411.840454 -268.075836	0.048 -0.000 -0.048
ttt_playerspawn	1800.695313 218.363800 -268.138702	-0.010 -0.000 0.010
ttt_playerspawn	1811.997437 -237.643799 -268.109344	-0.007 -0.000 0.007
ttt_playerspawn	1817.600952 -509.234558 -268.109344	-0.007 -0.000 0.007
ttt_playerspawn	1073.527344 -528.103210 -396.072906	0.046 -0.000 -0.046
ttt_playerspawn	849.744873 -540.151428 -396.080048	0.056 -0.000 -0.056
ttt_playerspawn	25.010607 -136.151413 -244.170807	-0.013 -0.000 0.013
ttt_playerspawn	405.517700 482.162201 -244.138702	-0.010 -0.000 0.010
ttt_playerspawn	327.352264 1325.820190 -245.079788	-0.074 0.778 -0.046
ttt_playerspawn	-313.463074 1340.645996 -245.060394	0.058 -51.814 0.001
ttt_playerspawn	-309.206482 190.372162 -244.130341	-0.009 -0.000 0.009
item_ammo_revolver_ttt	-275.542603 1089.495850 -231.735199	0.646 -0.718 0.112
item_ammo_revolver_ttt	-276.993378 1050.614868 -231.735138	0.676 -13.439 -0.118
item_ammo_revolver_ttt	2280.020020 453.365997 -364.365997	0.000 0.000 0.000
item_ammo_revolver_ttt	2280.020020 488.878998 -364.365997	0.000 0.000 0.000
item_ammo_revolver_ttt	-58.797359 1188.023926 -355.013763	0.630 -10.795 -0.041
item_ammo_revolver_ttt	83.137115 953.999329 -355.033997	0.728 1.630 -0.003
item_ammo_revolver_ttt	1771.750000 1202.400024 -476.365997	0.000 0.000 0.000
item_ammo_revolver_ttt	1773.588501 1245.459473 -477.250427	1.604 -3.203 0.062
item_ammo_revolver_ttt	1249.607910 1535.955688 -261.082367	-0.361 97.723 89.898
item_ammo_revolver_ttt	1250.626953 1561.253174 -265.207581	0.610 -14.653 0.029
item_ammo_revolver_ttt	-438.842987 839.187988 -412.365997	0.000 0.000 0.000
item_ammo_revolver_ttt	-438.592987 871.809998 -412.365997	0.000 0.000 0.000
item_ammo_revolver_ttt	1140.219971 -213.623993 -396.364990	0.000 0.000 0.000
item_ammo_revolver_ttt	1140.729980 -174.350006 -396.364990	0.000 0.000 0.000
item_ammo_revolver_ttt	-287.755005 424.625000 -396.364990	0.000 0.000 0.000
item_ammo_revolver_ttt	-325.722992 424.096985 -396.364990	0.000 0.000 0.000
item_ammo_revolver_ttt	12.042200 686.885986 -396.364990	0.000 0.000 0.000
item_ammo_revolver_ttt	0.276371 686.567017 -396.364990	0.000 0.000 0.000
item_ammo_revolver_ttt	1207.829956 891.304993 -416.365997	0.000 0.000 0.000
item_ammo_revolver_ttt	1208.069946 867.981018 -416.365997	0.000 0.000 0.000
item_ammo_revolver_ttt	-279.412750 1662.225464 -397.234070	1.222 -0.041 -0.903
item_ammo_revolver_ttt	-324.236237 1666.284058 -397.211121	0.958 -0.025 -0.583
item_ammo_revolver_ttt	1511.237305 1160.983887 -269.223389	1.076 -0.031 -0.741
item_ammo_revolver_ttt	1477.998779 1159.083984 -269.227570	-0.589 -0.144 -0.023
item_ammo_revolver_ttt	1616.938965 484.719299 -269.226624	1.113 -0.033 -0.787
item_ammo_revolver_ttt	1603.432129 508.725006 -267.825531	0.860 -2.691 -18.298
item_ammo_revolver_ttt	-207.328079 1319.442871 -245.203949	0.849 -0.022 -0.451
item_ammo_revolver_ttt	-208.022446 1370.357300 -245.228958	1.137 -0.035 -0.800
item_ammo_revolver_ttt	-203.567917 765.653259 -245.226425	1.108 -0.032 -0.765
item_ammo_revolver_ttt	-207.966080 812.134155 -245.216660	0.996 -0.027 -0.628
weapon_zm_pistol	-399.781647 -1079.471924 -420.762634	1.155 -37.237 -89.016
weapon_zm_pistol	-460.253571 -1105.949219 -420.761047	1.137 -37.230 -89.028
weapon_zm_pistol	-477.153320 -1149.711792 -420.780060	1.345 -37.254 -88.885
weapon_zm_pistol	-470.067902 -1304.625854 -420.751953	1.039 -37.225 -89.095
weapon_zm_pistol	-437.657196 -1357.219360 -420.697998	0.452 -37.158 -89.492
weapon_zm_pistol	-391.547791 -1398.083862 -420.731415	0.816 -37.205 -89.246
weapon_zm_pistol	-242.285309 -1398.742554 -420.761047	1.137 -37.230 -89.028
weapon_zm_pistol	-185.571075 -1379.520508 -420.709381	0.576 -37.175 -89.408
weapon_zm_pistol	-155.593491 -1335.582520 -420.718964	0.680 -37.193 -89.338
weapon_zm_pistol	-137.176315 -1168.822876 -420.731415	0.816 -37.205 -89.246
weapon_zm_pistol	-171.793747 -1119.864136 -420.781982	1.366 -37.255 -88.870
weapon_zm_pistol	-210.760269 -1072.607788 -420.747711	0.993 -37.224 -89.126
weapon_zm_pistol	939.228455 1308.900757 -229.760223	0.414 -36.232 -88.299
weapon_zm_pistol	237.676849 1353.060059 -244.811111	1.465 -36.116 -88.877
item_ammo_pistol_ttt	25.020500 103.769997 -396.360992	0.000 0.000 0.000
item_ammo_pistol_ttt	41.069901 103.757004 -396.360992	0.000 0.000 0.000
item_ammo_pistol_ttt	2866.659912 752.392029 -520.228027	0.000 0.000 0.000
item_ammo_pistol_ttt	2838.303711 752.237122 -522.186035	0.000 15.309 0.278
item_ammo_pistol_ttt	1219.839966 1234.599976 -268.362000	0.000 0.000 0.000
item_ammo_pistol_ttt	1279.949951 1234.540039 -268.362000	0.000 0.000 0.000
item_ammo_pistol_ttt	-214.283829 -1244.282959 -405.773926	-88.722 101.585 -73.301
item_ammo_pistol_ttt	-214.905533 -1213.198608 -405.030762	-82.626 158.883 -179.691
item_ammo_pistol_ttt	-258.689026 -1161.712036 -406.895050	-87.679 -40.719 8.211
item_ammo_pistol_ttt	-318.741882 -1152.869263 -408.119415	-73.921 17.759 -5.788
item_ammo_pistol_ttt	-341.546112 -1190.041016 -407.181091	81.779 46.259 1.029
item_ammo_pistol_ttt	-363.286346 -1179.050781 -404.534241	-78.291 156.803 177.312
item_ammo_pistol_ttt	-393.049744 -1235.006592 -408.201202	-73.938 22.727 -7.183
item_ammo_pistol_ttt	-336.493561 -1328.239990 -406.050598	88.671 -19.338 -101.139
item_ammo_pistol_ttt	-353.726013 -1278.199829 -405.666016	-84.800 -170.413 -176.556
item_ammo_pistol_ttt	-316.506195 -1301.110107 -405.034637	-80.479 -163.873 177.034
item_ammo_pistol_ttt	-267.029663 -1288.674438 -408.152161	-74.280 18.451 -6.651
item_ammo_pistol_ttt	-243.605255 -1284.417480 -407.843262	-78.470 23.464 -8.642
item_ammo_pistol_ttt	-133.748093 -1314.654541 -421.214539	0.392 -0.036 -0.542
item_ammo_pistol_ttt	-203.466110 -1391.566406 -421.214539	0.392 -0.036 -0.542
item_ammo_pistol_ttt	-270.173004 -1409.697388 -421.212433	0.381 -0.036 -0.526
item_ammo_pistol_ttt	-363.412628 -1411.169800 -421.213470	0.386 -0.036 -0.534
item_ammo_pistol_ttt	-414.486053 -1380.316650 -421.182800	0.218 -0.034 -0.301
item_ammo_pistol_ttt	-443.530121 -1330.562988 -421.189972	0.257 -0.034 -0.355
item_ammo_pistol_ttt	-475.805115 -1184.594727 -421.203644	-0.332 0.035 -0.459
item_ammo_pistol_ttt	-426.831757 -1101.407715 -421.215637	-0.398 0.036 -0.550
item_ammo_pistol_ttt	-321.035553 -1038.594482 -421.214539	-0.392 0.036 -0.542
item_ammo_pistol_ttt	-240.563599 -1053.409546 -421.216736	-0.404 0.036 -0.559
item_ammo_pistol_ttt	-191.961304 -1100.358398 -421.213470	-0.386 0.036 -0.534
item_ammo_pistol_ttt	-157.033737 -1147.868164 -421.199249	0.308 -0.035 -0.426
item_ammo_pistol_ttt	-118.227295 -1211.677246 -421.194397	0.281 -0.035 -0.389
item_ammo_pistol_ttt	1513.387695 1429.256226 -234.549194	-0.014 -0.028 0.014
item_ammo_pistol_ttt	1530.164063 1429.836914 -234.526764	-0.012 -0.030 0.012
item_ammo_pistol_ttt	1033.595581 1408.641235 -234.530991	-0.012 -0.029 0.012
item_ammo_pistol_ttt	1020.179138 1408.499878 -234.438965	-0.156 -0.153 -0.052
item_ammo_pistol_ttt	771.228760 -219.218109 -397.221497	-0.443 0.036 -0.612
item_ammo_pistol_ttt	769.674438 -167.407196 -397.217926	-0.424 0.036 -0.585
item_ammo_pistol_ttt	894.930481 1312.226563 -230.202698	-0.527 0.041 -0.246
item_ammo_pistol_ttt	908.318481 1312.100098 -230.225769	-0.101 -0.021 -0.024
item_ammo_pistol_ttt	1463.916504 1314.229248 -269.251984	0.583 -0.070 -0.043
item_ammo_pistol_ttt	1505.867310 1310.245972 -269.195892	-0.289 0.035 -0.400
item_ammo_pistol_ttt	701.447754 1187.862915 -269.198334	-0.303 0.035 -0.419
item_ammo_pistol_ttt	675.325562 1182.523926 -269.180450	-0.204 0.034 -0.283
item_ammo_pistol_ttt	763.753723 1166.248413 -269.177216	-0.010 0.152 0.070
item_ammo_pistol_ttt	683.420715 1249.952026 -269.184601	-0.227 0.034 -0.314
item_ammo_pistol_ttt	2017.238770 434.809296 -461.228790	-0.470 0.035 -0.649
item_ammo_pistol_ttt	2008.368286 525.869080 -461.200165	-0.313 0.035 -0.432
item_ammo_pistol_ttt	2788.006104 868.004822 -557.210449	-0.369 0.036 -0.510
item_ammo_pistol_ttt	2859.890869 862.378479 -557.193726	-0.277 0.035 -0.382
item_ammo_pistol_ttt	242.200699 1387.154663 -245.203705	-0.333 0.035 -0.459
item_ammo_pistol_ttt	241.447586 1322.676636 -245.215714	-0.399 0.036 -0.550
weapon_ttt_m16	25.130501 122.388000 -391.958008	0.000 0.000 0.000
weapon_ttt_m16	2825.919922 861.096008 -551.958984	0.000 0.000 0.000
weapon_ttt_m16	1240.560059 1233.989990 -263.959015	0.000 0.000 0.000
weapon_ttt_m16	2010.448853 469.592590 -460.785797	2.220 -5.789 83.979
weapon_ttt_confgrenade	-227.729996 1587.349976 -207.934998	0.000 0.000 0.000
weapon_ttt_confgrenade	257.597992 737.755005 -207.934998	0.000 0.000 0.000
weapon_ttt_confgrenade	821.604004 1838.142944 -243.599350	-37.025 -58.213 -89.294
weapon_ttt_confgrenade	815.261230 1821.968384 -243.553482	-37.190 -57.400 -90.239
weapon_ttt_confgrenade	775.500854 1857.733398 -243.425980	-37.762 -54.807 -92.967
weapon_ttt_confgrenade	758.808899 1861.213379 -243.513336	-37.585 -57.113 -91.148
weapon_ttt_confgrenade	826.981812 1817.734131 -243.572327	-37.203 -57.881 -89.870
weapon_ttt_confgrenade	784.517151 1839.430176 -243.317734	11.517 -37.079 -95.018
weapon_ttt_confgrenade	1945.545410 1323.197754 -462.847626	-18.652 46.835 -62.440
weapon_ttt_confgrenade	1945.693726 1145.815186 -460.828857	78.484 -7.371 -4.874
weapon_ttt_confgrenade	1989.312012 1090.145386 -475.596741	13.093 -31.786 -89.026
weapon_ttt_confgrenade	1993.932739 1267.217407 -475.408997	13.040 -34.423 -92.079
weapon_ttt_confgrenade	1987.026367 1204.870605 -475.580322	13.080 -31.833 -89.293
weapon_ttt_confgrenade	2014.231445 1547.759521 -433.914215	40.586 -11.252 -97.011
weapon_ttt_confgrenade	2060.293457 1548.032349 -435.557190	21.699 -22.833 -51.750
weapon_ttt_confgrenade	2109.915039 1550.352295 -434.374634	18.055 -21.030 -90.622
weapon_zm_shotgun	931.278992 -987.396973 -347.510986	0.000 0.000 0.000
weapon_zm_shotgun	1915.699951 703.203979 -266.153015	0.000 0.000 0.000
weapon_zm_shotgun	2540.909912 1352.569946 -554.153015	0.000 0.000 0.000
weapon_zm_shotgun	1215.930054 1423.339966 -422.153015	0.000 0.000 0.000
weapon_zm_shotgun	1019.479980 1725.229980 -266.153015	0.000 0.000 0.000
weapon_zm_shotgun	2541.030029 1372.410034 -554.153015	0.000 0.000 0.000
weapon_zm_sledge	1789.829956 -1177.920044 -264.783997	0.000 0.000 0.000
weapon_zm_sledge	-491.029297 555.162109 -401.202820	18.638 89.627 3.007
weapon_zm_sledge	723.745605 -216.422882 -385.897491	18.634 -0.378 2.992
weapon_zm_sledge	213.147415 1627.293091 -394.957092	0.717 87.154 88.304
weapon_zm_sledge	-201.901291 1623.529419 -394.943604	0.463 86.766 88.297
weapon_zm_revolver	774.382019 -192.845001 -394.643005	0.000 0.000 0.000
weapon_zm_revolver	2272.739990 469.170990 -362.644012	0.000 0.000 0.000
weapon_zm_revolver	-86.798332 1182.464233 -354.502838	1.421 -13.567 -87.083
weapon_zm_revolver	87.850197 959.184998 -354.589386	1.797 -26.310 -85.439
weapon_zm_revolver	1996.109985 1208.380005 -474.644012	0.000 0.000 0.000
weapon_zm_revolver	1767.739990 1223.660034 -474.644012	0.000 0.000 0.000
weapon_zm_revolver	1016.883911 1397.718506 -234.067459	31.523 6.472 -1.327
weapon_zm_revolver	1233.047241 1566.335938 -264.598602	2.322 -10.687 85.238
weapon_zm_revolver	-444.802002 853.830994 -410.644012	0.000 0.000 0.000
weapon_zm_revolver	-280.558197 1062.633789 -230.599762	1.900 45.644 91.740
weapon_zm_revolver	1135.099976 -194.679001 -394.643005	0.000 0.000 0.000
weapon_zm_revolver	-313.729004 422.028015 -394.643005	0.000 0.000 0.000
weapon_zm_revolver	23.509001 680.450989 -394.643005	0.000 90.000 0.000
weapon_zm_revolver	1200.849976 878.922974 -414.644012	0.000 0.000 0.000
weapon_zm_revolver	-309.755737 1668.339600 -396.744171	2.875 -16.633 -84.287
weapon_zm_revolver	1490.403687 1163.528076 -268.861298	1.673 -18.703 -84.292
weapon_zm_revolver	1600.549438 488.713196 -216.298874	2.004 -20.562 -85.788
weapon_zm_revolver	-215.020874 790.912781 -244.757446	2.963 -16.608 -84.135
weapon_zm_revolver	-214.288147 1341.935303 -244.809189	3.378 -16.399 -83.421
weapon_zm_mac10	1981.770020 1265.719971 -473.170990	0.000 0.000 0.000
weapon_zm_mac10	1614.660034 147.028000 -312.170990	0.000 0.000 0.000
weapon_zm_mac10	2027.154541 503.889404 -543.434265	-0.333 -47.384 -88.960
weapon_zm_mac10	2030.287720 525.140259 -543.460083	0.075 -51.304 -88.641
weapon_zm_mac10	2024.699463 517.649536 -543.001831	4.942 -36.966 -79.236
weapon_zm_mac10	237.114014 784.970032 -244.366226	-0.107 -40.465 -88.511
weapon_zm_mac10	237.744064 1171.726440 -244.429474	0.664 -37.388 -87.688
weapon_zm_mac10	-205.269821 976.886230 -244.376495	-0.230 -47.613 -88.796
