# Trouble in Terrorist Town weapon/ammo placement overrides
# For map: ttt_albatross_fbeta
# Exported by: amber
setting:	replacespawns 0
ttt_random_weapon	-276.228607 2267.857422 1192.419556	1.742 -5.658 -59.095	auto_ammo 2
ttt_random_weapon	148.740036 2229.208740 1192.688232	12.798 -4.433 -52.053	auto_ammo 2
ttt_random_weapon	233.794983 2266.047119 1197.190796	-10.569 3.741 0.009	auto_ammo 2
ttt_random_weapon	154.905136 2067.751465 1206.882202	7.353 -5.044 -60.239	auto_ammo 2
ttt_random_weapon	257.050171 2047.745850 1206.880615	7.434 -5.045 -60.247	auto_ammo 2
ttt_random_weapon	344.127625 2014.379883 1206.880371	7.446 -5.046 -60.248	auto_ammo 2
ttt_random_weapon	187.780319 1674.817871 1206.881226	7.402 -5.045 -60.244	auto_ammo 2
ttt_random_weapon	116.914474 1670.470703 1206.882690	7.327 -5.043 -60.236	auto_ammo 2
ttt_random_weapon	-215.101440 1643.970581 1206.881958	7.366 -5.044 -60.240	auto_ammo 2
ttt_random_weapon	-308.956573 1654.837646 1206.797241	6.931 11.635 -58.829	auto_ammo 2
ttt_random_weapon	-404.619446 1652.827637 1206.880249	7.453 -5.046 -60.249	auto_ammo 2
ttt_random_weapon	-721.772034 1934.279907 1206.881470	7.390 -5.044 -60.243	auto_ammo 2
ttt_random_weapon	-719.147339 1834.942993 1206.881592	7.386 -5.044 -60.242	auto_ammo 2
ttt_random_weapon	-709.788269 1723.187866 1206.880859	7.417 -5.045 -60.245	auto_ammo 2
ttt_random_weapon	-703.798889 1636.242432 1206.880249	7.453 -5.046 -60.249	auto_ammo 2
ttt_random_weapon	-699.131470 1555.338379 1206.881714	7.380 -5.044 -60.242	auto_ammo 2
ttt_random_weapon	-233.470657 2066.221191 1206.881958	7.364 -5.044 -60.240	auto_ammo 2
ttt_random_weapon	-226.020081 1996.212891 1206.881958	7.368 -5.044 -60.240	auto_ammo 2
ttt_random_weapon	-326.913483 1506.328491 1218.880737	7.426 -5.045 -60.246	auto_ammo 2
ttt_random_weapon	-363.895569 1334.297729 1218.868286	7.171 -4.385 -59.921	auto_ammo 2
ttt_random_weapon	-359.338715 1320.709106 1220.129639	9.071 -10.472 -97.842	auto_ammo 2
ttt_random_weapon	160.913300 1044.459106 1292.121826	9.268 -10.763 -97.651	auto_ammo 2
ttt_random_weapon	168.526733 1479.599731 1398.724976	2.880 -9.016 -38.222	auto_ammo 2
ttt_random_weapon	-37.902832 1362.100342 1398.881348	7.393 -5.044 -60.243	auto_ammo 2
ttt_random_weapon	-119.404594 1364.813110 1398.879517	7.501 -5.053 -60.260	auto_ammo 2
ttt_random_weapon	-166.994293 1039.786499 1398.880005	7.462 -5.047 -60.250	auto_ammo 2
ttt_random_weapon	-330.597626 1052.184448 1398.882202	7.350 -5.044 -60.239	auto_ammo 2
ttt_random_weapon	-261.720428 1116.370605 1400.131348	9.105 -20.729 -98.184	auto_ammo 2
ttt_random_weapon	-191.343491 1115.843140 1398.881348	7.393 -5.044 -60.243	auto_ammo 2
ttt_random_weapon	-99.340500 1103.609985 1400.135132	9.119 -10.424 -98.740	auto_ammo 2
ttt_random_weapon	-144.321152 1093.820801 1398.881592	7.378 -5.044 -60.241	auto_ammo 2
ttt_random_weapon	-326.397430 1107.594238 1398.881958	7.362 -5.044 -60.240	auto_ammo 2
ttt_random_weapon	123.975449 1467.135498 1656.127930	9.110 -11.276 -97.789	auto_ammo 2
ttt_random_weapon	158.957352 1296.589233 1656.129883	9.124 -11.322 -98.086	auto_ammo 2
ttt_random_weapon	149.604752 1101.073364 1656.133545	9.150 -11.403 -98.657	auto_ammo 2
ttt_random_weapon	-74.032455 1115.076660 2138.880859	7.420 -5.045 -60.246	auto_ammo 2
ttt_random_weapon	-83.922249 1303.821289 2138.880615	7.429 -5.045 -60.247	auto_ammo 2
ttt_random_weapon	-170.296326 1224.568237 2138.880127	7.463 -5.047 -60.250	auto_ammo 2
ttt_random_weapon	-902.223633 1140.531006 -95.879036	9.244 -5.035 -97.471	auto_ammo 2
ttt_random_weapon	-975.018372 1233.653809 -97.119308	7.428 -5.045 -60.247	auto_ammo 2
ttt_random_weapon	-1014.756226 1320.675781 -97.118835	7.405 -5.044 -60.244	auto_ammo 2
ttt_random_weapon	-647.359802 1959.631958 -97.117226	7.323 -5.043 -60.236	auto_ammo 2
ttt_random_weapon	-645.822144 2047.798828 -95.870392	9.134 -11.901 -98.078	auto_ammo 2
ttt_random_weapon	-628.777710 2155.591553 -97.119148	7.420 -5.045 -60.246	auto_ammo 2
ttt_random_weapon	-628.981689 2106.181396 -97.120094	7.469 -5.048 -60.251	auto_ammo 2
ttt_random_weapon	510.486969 2071.821777 -97.119598	7.443 -5.046 -60.248	auto_ammo 2
ttt_random_weapon	568.794067 1807.348633 -96.716797	10.358 -6.405 -69.549	auto_ammo 2
ttt_random_weapon	569.132324 1793.582153 -96.173981	10.918 -8.968 -84.371	auto_ammo 2
ttt_random_weapon	489.864258 1148.996826 -97.118111	7.368 -5.044 -60.240	auto_ammo 2
ttt_random_weapon	467.842438 1095.180176 -97.120399	7.492 -5.049 -60.256	auto_ammo 2
ttt_random_weapon	474.142670 1126.421631 -97.119843	7.456 -5.047 -60.249	auto_ammo 2
ttt_random_weapon	-482.468658 1069.234009 -97.120033	7.516 -5.056 -60.273	auto_ammo 2
ttt_random_weapon	-483.315399 1106.349365 -97.118599	7.393 -5.044 -60.243	auto_ammo 2
ttt_random_weapon	-489.557098 1131.632568 -97.120216	7.510 -5.057 -60.267	auto_ammo 2
ttt_random_weapon	-445.420807 811.769531 -97.118561	7.390 -5.044 -60.243	auto_ammo 2
ttt_random_weapon	342.981354 786.535645 -97.119041	7.415 -5.045 -60.245	auto_ammo 2
ttt_random_weapon	106.976135 1546.753418 80.120094	9.283 -11.231 -97.511	auto_ammo 2
ttt_random_weapon	94.126221 2347.864746 68.127419	9.114 -11.267 -97.743	auto_ammo 2
ttt_random_weapon	1181.515869 2176.912354 30.881256	7.400 -5.044 -60.244	auto_ammo 2
ttt_random_weapon	1223.788818 2086.045898 30.880518	7.437 -5.045 -60.247	auto_ammo 2
ttt_random_weapon	1091.795410 2120.310791 30.882395	7.342 -5.044 -60.238	auto_ammo 2
ttt_random_weapon	1123.556152 2204.401123 30.880398	7.443 -5.046 -60.248	auto_ammo 2
ttt_random_weapon	1150.566895 2420.208984 31.262238	10.160 -6.498 -68.876	auto_ammo 2
ttt_random_weapon	1195.309204 2351.928467 30.880154	7.456 -5.047 -60.249	auto_ammo 2
ttt_random_weapon	1001.195496 2139.811523 30.880215	7.453 -5.046 -60.249	auto_ammo 2
ttt_random_weapon	674.320435 1828.386353 46.882427	7.341 -5.044 -60.238	auto_ammo 2
ttt_random_weapon	680.413574 1904.967773 46.876720	7.221 9.942 -60.087	auto_ammo 2
ttt_random_weapon	685.730957 1943.590088 47.930416	0.227 -34.619 125.442	auto_ammo 2
ttt_random_weapon	676.142578 1982.076050 46.880688	7.428 -5.045 -60.247	auto_ammo 2
ttt_random_weapon	859.807800 2687.024170 60.768932	-1.947 -26.135 118.672	auto_ammo 2
ttt_random_weapon	847.172424 2812.142090 55.114986	12.333 -29.295 82.827	auto_ammo 2
ttt_random_weapon	688.198547 2885.817139 61.070236	2.054 -25.737 115.453	auto_ammo 2
ttt_random_weapon	523.979675 2858.362305 63.056526	6.760 -12.817 -99.555	auto_ammo 2
ttt_random_weapon	68.531464 3718.098877 94.880684	7.531 -5.050 -60.292	auto_ammo 2
ttt_random_weapon	160.274948 3702.916504 94.882362	7.344 -5.044 -60.238	auto_ammo 2
ttt_random_weapon	99.238304 3774.373047 94.880226	7.523 -5.054 -60.281	auto_ammo 2
ttt_random_weapon	140.112228 3179.194580 416.130035	9.155 -24.145 -98.214	auto_ammo 2
ttt_random_weapon	122.147606 3125.762207 414.880859	7.420 -5.045 -60.246	auto_ammo 2
ttt_random_weapon	91.509323 2099.858154 414.879761	7.476 -5.049 -60.252	auto_ammo 2
ttt_random_weapon	104.944107 2237.741943 414.880798	7.423 -5.045 -60.246	auto_ammo 2
ttt_random_weapon	96.930084 2154.263184 414.881470	7.388 -5.044 -60.242	auto_ammo 2
ttt_random_weapon	-209.543732 882.252930 399.848633	7.245 -4.427 -59.617	auto_ammo 2
ttt_random_weapon	-196.891678 917.851685 401.132324	9.144 -11.376 -98.458	auto_ammo 2
ttt_random_weapon	159.859177 894.070618 401.121643	9.289 -11.361 -97.704	auto_ammo 2
ttt_random_weapon	154.760956 874.238647 401.132874	9.151 -11.390 -98.563	auto_ammo 2
ttt_random_weapon	145.132599 883.125244 1271.130005	9.183 -11.350 -98.320	auto_ammo 2
ttt_random_weapon	23.642096 875.698425 1271.130615	9.115 -11.419 -98.139	auto_ammo 2
ttt_random_weapon	140.590042 1199.512329 1656.130249	9.127 -11.331 -98.146	auto_ammo 2
ttt_random_weapon	-861.773071 1063.457764 1242.603516	32.409 32.389 -40.654	auto_ammo 2
ttt_random_weapon	202.681595 3278.022949 1192.881470	7.386 -5.044 -60.242	auto_ammo 2
ttt_random_weapon	196.763077 3134.651367 1194.128784	9.095 -11.253 -97.836	auto_ammo 2
ttt_random_weapon	163.361328 3204.617920 1192.881348	7.395 -5.044 -60.243	auto_ammo 2
ttt_random_weapon	-130.555298 3102.985352 1193.290039	10.403 -6.642 -69.654	auto_ammo 2
ttt_random_weapon	-185.342743 3136.980225 1192.881470	7.388 -5.044 -60.243	auto_ammo 2
ttt_random_weapon	-161.776321 3192.878906 1192.879761	7.476 -5.053 -60.252	auto_ammo 2
item_ammo_357_ttt	-354.482086 1469.684692 1651.351685	0.454 0.059 0.048
item_ammo_357_ttt	-332.433167 1478.572388 1651.409302	0.466 0.054 0.024
item_ammo_357_ttt	17.112246 1200.301392 2135.332520	0.450 0.065 0.055
item_ammo_357_ttt	15.159432 1232.878784 2135.366943	0.457 0.058 0.041
item_ammo_357_ttt	-22.026421 841.704773 396.442627	1.071 1.158 -0.170
item_ammo_357_ttt	-5.831739 840.303833 396.338593	0.451 0.064 0.053
item_ammo_357_ttt	-45.619522 818.298157 1266.319336	0.448 0.072 0.061
item_ammo_357_ttt	-32.985905 823.732239 1266.393799	0.462 0.055 0.031
ttt_random_ammo	-0.293969 3248.191162 1207.760010	0.335 0.259 -0.050
ttt_random_ammo	-100.874001 3222.229248 1207.736450	-0.790 0.453 -0.514
ttt_random_ammo	74.325264 3211.714600 1212.826172	1.522 0.037 1.844
ttt_random_ammo	72.649841 3241.576904 1212.795288	0.663 0.006 0.758
ttt_random_ammo	251.669586 3176.711426 1189.330322	0.046 0.000 -0.029
ttt_random_ammo	253.413528 3120.428223 1189.367310	0.083 0.000 0.035
ttt_random_ammo	197.392029 3085.787354 1189.320068	0.047 0.000 -0.034
ttt_random_ammo	122.745956 3084.163818 1189.344604	0.049 0.000 -0.019
ttt_random_ammo	247.638626 3296.773193 1189.392944	0.723 0.007 0.826
ttt_random_ammo	160.854965 3323.448242 1189.386719	0.314 0.002 0.326
ttt_random_ammo	57.920444 3326.145996 1189.389160	0.410 0.003 0.444
ttt_random_ammo	-176.988571 3088.458984 1189.372803	0.109 0.000 0.069
ttt_random_ammo	-211.949722 3106.386963 1189.355469	0.057 0.000 -0.004
ttt_random_ammo	-217.190598 3161.342041 1189.421143	1.615 0.037 1.960
ttt_random_ammo	217.211990 1625.183472 1203.441162	1.111 0.028 1.340
ttt_random_ammo	157.086853 1625.159424 1203.437256	0.636 4.116 0.875
ttt_random_ammo	97.640686 1629.881958 1203.344604	0.049 0.000 -0.019
ttt_random_ammo	46.422691 1629.763306 1203.348999	0.051 0.000 -0.014
ttt_random_ammo	-260.144806 1619.958984 1203.416992	1.564 0.041 1.882
ttt_random_ammo	-346.848450 1624.861816 1203.330322	0.046 0.000 -0.029
ttt_random_ammo	-317.303864 1621.526123 1203.417603	1.690 0.035 2.050
ttt_random_ammo	-390.544464 1619.623291 1203.380981	0.188 0.001 0.169
ttt_random_ammo	-743.443604 1556.412842 1203.351196	0.053 0.000 -0.011
ttt_random_ammo	-744.504700 1636.286133 1203.327881	0.046 -0.000 0.031
ttt_random_ammo	-752.606812 1719.517944 1203.363525	0.072 -0.000 -0.019
ttt_random_ammo	-747.982239 1770.030518 1203.367310	0.082 0.000 0.034
ttt_random_ammo	-745.991943 1870.901733 1203.382324	0.215 -0.001 -0.203
ttt_random_ammo	-378.867462 1400.449951 1259.397583	0.055 0.000 -0.005
ttt_random_ammo	-346.032684 1399.298828 1259.417480	0.126 0.000 0.092
ttt_random_ammo	-317.495728 1400.642334 1259.389282	0.048 0.000 -0.017
ttt_random_ammo	-289.059418 1398.670166 1259.410645	0.085 0.000 0.040
ttt_random_ammo	-278.206848 1374.086792 1259.410645	0.086 0.000 0.040
ttt_random_ammo	-275.944672 1379.137939 1259.509644	0.763 -0.081 0.517
ttt_random_ammo	-281.580078 1341.252563 1259.462769	1.281 0.031 1.522
ttt_random_ammo	-277.422180 1206.796631 1215.420166	1.551 0.040 1.872
ttt_random_ammo	-269.091492 1178.742065 1215.453613	0.877 0.024 1.061
ttt_random_ammo	-278.755402 1157.291382 1215.426147	1.440 0.033 1.740
ttt_random_ammo	-247.249573 1205.405640 1215.422729	1.593 0.042 1.934
ttt_random_ammo	21.601820 1343.890259 1475.495605	-3.322 2.461 -0.089
ttt_random_ammo	38.399391 1368.164185 1476.493530	-3.037 24.886 -1.349
ttt_random_ammo	12.100875 1401.053589 1475.176270	-3.502 0.826 0.084
ttt_random_ammo	14.515255 1390.007690 1475.273560	-3.574 0.291 0.110
ttt_random_ammo	33.193977 1407.226563 1476.388428	-3.722 0.417 0.071
ttt_random_ammo	34.641129 1389.176514 1476.389160	-3.934 -0.365 0.086
ttt_random_ammo	30.858522 1351.225952 1475.961914	-3.814 0.898 -0.043
ttt_random_ammo	-15.897341 1390.761597 1395.426270	1.441 0.033 1.742
ttt_random_ammo	-7.205821 1350.893066 1395.439331	1.166 0.029 1.409
ttt_random_ammo	24.221832 1422.826782 1395.404419	0.286 -0.225 -0.419
ttt_random_ammo	65.704491 1351.975586 1395.394775	1.451 0.025 1.712
ttt_random_ammo	64.798752 1386.897339 1395.438843	1.192 -0.029 -1.444
ttt_random_ammo	61.370277 1415.547729 1395.358398	-0.060 -0.000 0.001
ttt_random_ammo	-359.811646 1427.830688 1437.337524	0.046 0.000 -0.025
ttt_random_ammo	-353.434265 1453.125732 1437.390259	0.459 0.003 0.504
ttt_random_ammo	-356.902771 1272.959961 1437.353271	0.054 -0.000 0.008
ttt_random_ammo	-353.622162 1301.025146 1437.339844	0.047 0.000 -0.023
ttt_random_ammo	-103.924332 1044.842529 1435.602661	-1.844 1.787 -0.120
ttt_random_ammo	-178.110840 1076.613159 1395.327759	0.046 0.000 -0.031
ttt_random_ammo	-144.046860 1130.656616 1395.365356	0.077 0.000 0.026
ttt_random_ammo	-215.950287 1090.316772 1395.363403	0.071 0.000 0.018
ttt_random_ammo	-202.607574 1053.725830 1435.761475	-1.768 -0.089 0.060
ttt_random_ammo	-221.044159 1046.909668 1435.189575	-1.822 0.700 -0.034
ttt_random_ammo	-259.214539 1050.012817 1435.804199	-1.766 0.216 -0.034
ttt_random_ammo	-271.803436 1064.258423 1435.415649	-1.934 0.684 -0.100
ttt_random_ammo	-335.960114 1008.641418 1395.351196	0.053 0.000 -0.011
ttt_random_ammo	-319.348145 1081.463867 1395.332764	0.046 0.000 -0.028
ttt_random_ammo	-322.247406 1137.427490 1395.363403	0.071 0.000 0.018
ttt_random_ammo	-231.704330 1142.295410 1395.441162	1.175 0.030 1.425
ttt_random_ammo	-155.640564 1011.498352 1395.388672	0.416 -0.003 -0.450
ttt_random_ammo	-237.031525 1013.708435 1395.327759	0.046 0.000 -0.031
ttt_random_ammo	-286.969910 1009.064941 1395.351196	0.052 0.000 -0.011
ttt_random_ammo	-4.982476 1303.747803 1651.327759	0.047 0.000 -0.031
ttt_random_ammo	18.524294 1273.512329 1651.365356	0.078 -0.000 -0.027
ttt_random_ammo	16.644533 1144.539063 1651.327759	0.047 -0.000 0.031
ttt_random_ammo	-10.681118 1120.053345 1651.387573	0.364 -0.002 -0.387
ttt_random_ammo	-166.410248 1118.966309 1651.379395	0.169 0.001 0.145
ttt_random_ammo	-187.252335 1147.659180 1651.380981	0.191 0.001 0.172
ttt_random_ammo	-190.004898 1205.408081 1651.429565	1.334 -0.033 -1.611
ttt_random_ammo	-78.224281 1129.385498 1651.332764	0.046 0.000 -0.028
ttt_random_ammo	-113.551956 1133.226440 1651.415283	1.616 0.035 1.946
ttt_random_ammo	-119.018883 914.215637 1398.058838	1.288 0.032 1.553
ttt_random_ammo	-76.739235 911.096069 1398.015503	0.358 0.002 0.380
ttt_random_ammo	-31.000776 912.546631 1398.063354	1.173 0.030 1.411
ttt_random_ammo	27.104595 914.153320 1397.947021	0.046 0.000 -0.034
ttt_random_ammo	74.720535 913.255920 1397.968872	0.046 0.000 -0.023
ttt_random_ammo	0.482530 914.744141 1398.012939	0.269 0.001 0.271
ttt_random_ammo	-81.512619 972.354065 402.365448	0.076 0.000 0.025
ttt_random_ammo	-77.702370 1011.809998 402.361542	0.067 0.000 0.012
ttt_random_ammo	-47.741390 1005.041626 402.322754	0.047 0.000 -0.033
ttt_random_ammo	-52.618275 970.515198 402.314758	0.047 0.000 -0.036
ttt_random_ammo	56.463268 2056.311523 411.377838	0.150 0.001 0.121
ttt_random_ammo	50.197880 2131.060547 411.374481	0.119 0.000 0.082
ttt_random_ammo	50.347130 2211.510010 411.365417	0.077 0.000 0.026
ttt_random_ammo	52.758198 2265.921143 411.339996	0.047 0.000 -0.023
ttt_random_ammo	52.275639 2181.356934 411.355438	0.057 0.000 -0.003
ttt_random_ammo	140.088882 2570.296143 411.351196	0.052 0.000 -0.011
ttt_random_ammo	169.045654 2565.154297 411.381012	0.188 0.001 0.169
ttt_random_ammo	140.871414 2372.628418 411.349030	0.051 0.000 -0.014
ttt_random_ammo	164.328979 2372.763916 411.438049	1.250 0.031 1.517
ttt_random_ammo	145.522415 2900.394287 411.339996	0.047 0.000 -0.023
ttt_random_ammo	170.734253 2935.435547 411.370941	0.099 -0.000 -0.056
ttt_random_ammo	165.168350 3015.538574 411.351196	0.053 0.000 -0.011
ttt_random_ammo	178.809814 2976.364502 411.383942	0.247 0.001 0.242
ttt_random_ammo	121.802589 3081.613525 411.349030	0.051 0.000 -0.014
ttt_random_ammo	8.046887 3347.965576 411.360535	-0.063 -0.000 0.006
ttt_random_ammo	13.920877 3377.820313 411.402069	-0.635 -0.005 0.718
ttt_random_ammo	60.708504 3350.127441 411.342285	0.048 0.000 -0.021
ttt_random_ammo	66.194244 3383.979492 411.444641	1.108 0.028 1.345
ttt_random_ammo	107.948753 3346.211914 411.337616	0.047 0.000 -0.025
ttt_random_ammo	115.973808 3384.083740 411.337616	0.047 0.000 -0.025
ttt_random_ammo	60.305866 3651.663574 91.354202	-0.055 -0.000 -0.007
ttt_random_ammo	123.260292 3646.229736 91.385925	-0.219 -0.001 0.208
ttt_random_ammo	127.676430 3607.628418 91.385094	0.280 -0.001 -0.284
ttt_random_ammo	79.007790 3613.979248 91.335976	-0.047 -0.000 -0.026
ttt_random_ammo	822.400391 2631.036377 60.192387	0.336 0.290 2.737
ttt_random_ammo	878.469177 2710.885498 53.107082	5.982 -0.348 -7.616
ttt_random_ammo	794.671875 2767.451416 66.170044	1.132 3.582 -98.975
ttt_random_ammo	895.317139 2647.918213 59.169250	1.125 0.492 1.354
ttt_random_ammo	758.766174 2840.914307 52.726196	7.302 1.115 -1.676
ttt_random_ammo	666.077332 2805.801025 64.105354	7.363 1.123 -1.669
ttt_random_ammo	721.037659 2789.222656 63.022255	1.108 3.587 -99.238
ttt_random_ammo	646.808411 2874.688721 60.826214	-1.741 1.639 -7.342
ttt_random_ammo	572.671570 2827.319092 61.002251	-1.899 0.620 -3.400
ttt_random_ammo	483.248627 2908.675781 52.753479	0.182 -0.874 -7.201
ttt_random_ammo	490.445648 2806.178467 60.349388	-4.487 1.306 -5.863
ttt_random_ammo	1165.820923 2294.925049 58.549438	-0.010 -0.085 0.006
ttt_random_ammo	1207.832397 2260.572510 58.510532	-0.137 -0.005 -0.128
ttt_random_ammo	1247.838745 2255.791016 58.461536	-0.539 0.010 -0.701
ttt_random_ammo	1354.670288 2234.927002 58.515896	0.006 -10.873 0.048
ttt_random_ammo	1360.452393 2196.477295 58.465942	-0.195 0.144 -0.339
ttt_random_ammo	1359.937500 2147.314941 58.405254	0.135 0.002 0.063
ttt_random_ammo	1404.364746 2230.963623 48.448631	-0.283 0.720 -0.303
ttt_random_ammo	1406.934814 2192.941895 48.382790	-0.544 0.437 -0.398
ttt_random_ammo	1403.775635 2150.335449 48.457188	-0.204 1.286 -0.186
ttt_random_ammo	1324.936035 2156.059082 48.416451	0.310 -0.604 -0.304
ttt_random_ammo	1328.057617 2188.196777 48.434708	0.419 -0.836 -0.373
ttt_random_ammo	1327.932007 2234.050049 48.528828	0.018 0.340 0.048
ttt_random_ammo	1243.001221 2288.285156 48.339718	-0.625 -0.140 1.090
ttt_random_ammo	1109.468750 2002.500122 67.973892	-0.012 0.548 0.019
ttt_random_ammo	1093.327026 2021.692383 67.971344	0.320 -0.058 -0.387
ttt_random_ammo	1122.229980 2027.443604 67.970207	0.304 -0.056 -0.370
ttt_random_ammo	1109.145752 2044.374878 67.967537	0.279 -0.038 -0.327
ttt_random_ammo	1121.479370 2040.432861 39.134392	0.057 0.047 -0.057
ttt_random_ammo	1094.594360 2035.737183 39.127319	0.321 0.015 0.401
ttt_random_ammo	1283.170410 2014.517334 70.789795	0.298 -0.033 -0.247
ttt_random_ammo	1198.201172 2003.035278 103.677284	-0.338 0.013 -0.332
ttt_random_ammo	1174.642944 2012.876953 103.661034	-0.541 0.011 -0.566
ttt_random_ammo	1251.201538 2159.362305 27.337639	0.047 0.000 -0.025
ttt_random_ammo	1151.868530 2151.060547 27.453228	-1.317 -0.032 1.593
ttt_random_ammo	1107.501709 2177.664551 27.338375	-0.047 -0.000 -0.025
ttt_random_ammo	553.410461 1732.357178 -71.638794	0.051 0.000 -0.011
ttt_random_ammo	593.889221 1753.347046 -100.662361	0.047 0.000 -0.025
ttt_random_ammo	550.342834 1761.425659 -100.573036	0.400 -0.271 2.171
ttt_random_ammo	7.643436 1521.441162 -66.010956	-0.202 0.018 -0.434
ttt_random_ammo	10.908062 1493.653931 -66.028671	0.348 0.016 0.402
ttt_random_ammo	-26.220608 1815.611206 -98.086700	1.203 0.026 1.387
ttt_random_ammo	-60.097641 1813.980713 -98.118286	1.245 0.017 1.404
ttt_random_ammo	-23.392452 1838.620972 -98.153954	-0.112 0.000 -0.016
ttt_random_ammo	-638.580811 1907.446899 -100.653168	0.050 0.000 -0.017
ttt_random_ammo	-642.928650 2009.737549 -100.674683	0.046 0.000 -0.032
ttt_random_ammo	-680.761536 2133.854980 -100.524742	0.434 0.019 0.526
ttt_random_ammo	-680.492737 2193.713867 -100.682541	0.047 0.000 -0.035
ttt_random_ammo	-626.484863 2207.920654 -100.648788	0.052 0.000 -0.011
ttt_random_ammo	-576.151611 2182.333008 -100.679878	0.047 0.000 -0.034
ttt_random_ammo	-363.684509 2435.926025 123.361534	0.067 0.000 0.012
ttt_random_ammo	-412.547089 2461.794189 123.376411	-0.123 -0.000 0.087
ttt_random_ammo	-411.298950 2414.443604 123.415482	-0.318 4.339 0.753
ttt_random_ammo	-410.196381 2419.750000 123.481369	-0.337 -0.252 0.432
ttt_random_ammo	-370.403442 2469.836670 123.343056	-0.048 -0.000 -0.021
ttt_random_ammo	-73.224182 3264.847412 1220.527832	0.414 0.751 -0.307
ttt_random_ammo	-43.412346 3229.349365 1220.463135	1.424 -0.035 -1.799
ttt_random_ammo	-17.511187 3202.747070 1220.456177	-1.140 0.013 1.423
weapon_zm_rifle	-358.012634 1507.917480 1650.090332	3.681 13.279 64.820
weapon_zm_rifle	8.061501 1224.052368 2134.139160	3.620 12.633 65.625
weapon_zm_rifle	-17.625404 860.006226 395.213715	3.396 13.209 65.532
weapon_zm_rifle	-72.839203 832.138794 1265.173462	3.489 13.205 65.300
weapon_zm_sledge	-26.122503 3018.403076 1112.391724	20.030 39.041 15.491
weapon_zm_sledge	-31.605913 3017.653076 1120.314941	9.726 3.417 -81.622
weapon_zm_sledge	-43.996101 3009.200928 1118.735352	4.679 23.111 99.596
weapon_zm_sledge	-52.319519 3021.075684 1125.798096	-6.224 11.499 114.491
