# Trouble in Terrorist Town weapon/ammo placement overrides
# For map: ttt_olivegarden-mds
# Exported by: amber
setting:	replacespawns 0
ttt_random_weapon	547.293457 -185.146225 15.881009	7.412 -5.045 -60.245	auto_ammo 2
ttt_random_weapon	683.378784 -191.628983 15.880457	7.440 -5.045 -60.248	auto_ammo 2
ttt_random_weapon	806.242371 -193.295792 15.881890	7.368 -5.044 -60.240	auto_ammo 2
ttt_random_weapon	-126.892082 -41.024788 12.284918	10.449 -9.482 -69.572	auto_ammo 2
ttt_random_weapon	-132.588623 -106.767876 11.880687	7.428 -5.045 -60.247	auto_ammo 2
ttt_random_weapon	-133.189819 30.727598 11.879782	7.476 -5.049 -60.252	auto_ammo 2
ttt_random_weapon	-539.936951 50.802368 11.879592	7.496 -5.051 -60.258	auto_ammo 2
ttt_random_weapon	-545.440735 -23.751001 11.881814	7.371 -5.044 -60.241	auto_ammo 2
ttt_random_weapon	-541.706787 -95.371704 11.880249	7.523 -5.054 -60.281	auto_ammo 2
ttt_random_weapon	39.986965 33.346748 12.288617	10.404 -6.636 -69.689	auto_ammo 2
ttt_random_weapon	41.641228 -31.447630 11.880957	7.415 -5.045 -60.245	auto_ammo 2
ttt_random_weapon	46.825962 -109.654594 11.881927	7.366 -5.044 -60.240	auto_ammo 2
ttt_random_weapon	1024.566162 362.820679 15.880398	7.443 -5.046 -60.248	auto_ammo 2
ttt_random_weapon	1032.453735 334.343719 17.129290	9.106 -11.961 -97.933	auto_ammo 2
ttt_random_weapon	1033.332275 941.158813 17.129763	9.121 -9.355 -98.049	auto_ammo 2
ttt_random_weapon	1036.091553 902.269409 17.133316	9.040 -11.141 -98.176	auto_ammo 2
ttt_random_weapon	1030.712524 2040.525757 17.123430	9.162 -13.163 -97.461	auto_ammo 2
ttt_random_weapon	1032.503418 2016.491211 17.131851	9.118 -12.997 -98.295	auto_ammo 2
ttt_random_weapon	678.050537 2267.832520 45.212463	11.217 -12.694 -97.934	auto_ammo 2
ttt_random_weapon	627.411865 2263.101074 47.106003	11.328 -14.103 -98.405	auto_ammo 2
ttt_random_weapon	692.531494 2277.573975 44.640965	10.939 -32.976 -98.240	auto_ammo 2
ttt_random_weapon	648.934937 2287.826904 46.117973	2.018 -35.990 124.138	auto_ammo 2
ttt_random_weapon	302.598572 2219.836182 11.882699	7.327 -5.043 -60.236	auto_ammo 2
ttt_random_weapon	296.137634 2183.346436 11.881207	7.402 -5.044 -60.244	auto_ammo 2
ttt_random_weapon	-149.376846 2263.197021 45.359238	10.987 61.948 -98.703	auto_ammo 2
ttt_random_weapon	-155.131058 2321.874023 46.314533	-41.636 -2.785 -77.162	auto_ammo 2
ttt_random_weapon	-184.828140 2202.063477 47.645981	8.718 -10.168 -99.827	auto_ammo 2
ttt_random_weapon	-171.910477 2274.678955 44.931454	9.607 13.056 -100.018	auto_ammo 2
ttt_random_weapon	-420.953308 2181.484863 13.124909	9.223 -11.527 -97.846	auto_ammo 2
ttt_random_weapon	-421.224030 2238.460205 11.882844	7.319 -5.043 -60.236	auto_ammo 2
ttt_random_weapon	-417.820709 2290.934326 11.881299	7.398 -5.044 -60.243	auto_ammo 2
ttt_random_weapon	-247.857147 2157.102783 11.880632	7.431 -5.045 -60.247	auto_ammo 2
ttt_random_weapon	-251.452545 2228.919678 11.880091	7.459 -5.047 -60.250	auto_ammo 2
ttt_random_weapon	-250.981079 2271.384033 11.881303	7.397 -5.044 -60.243	auto_ammo 2
ttt_random_weapon	-603.548828 1919.760498 11.881107	7.407 -5.045 -60.244	auto_ammo 2
ttt_random_weapon	-649.330444 1932.590210 11.882363	7.344 -5.044 -60.238	auto_ammo 2
ttt_random_weapon	-703.092346 1923.993530 11.881924	7.366 -5.043 -60.240	auto_ammo 2
ttt_random_weapon	-596.108521 1740.222534 11.881570	7.384 -5.044 -60.242	auto_ammo 2
ttt_random_weapon	-642.655640 1739.844116 11.879633	7.488 -5.048 -60.255	auto_ammo 2
ttt_random_weapon	-718.595276 1738.326172 11.882036	7.360 -5.044 -60.240	auto_ammo 2
ttt_random_weapon	-600.231934 1412.419312 11.881439	7.390 -5.044 -60.243	auto_ammo 2
ttt_random_weapon	-664.010925 1425.871094 11.881439	7.390 -5.044 -60.243	auto_ammo 2
ttt_random_weapon	-736.884094 1434.784058 11.882036	7.360 -5.044 -60.240	auto_ammo 2
ttt_random_weapon	-668.800598 1332.440186 47.295841	6.987 -9.946 -97.130	auto_ammo 2
ttt_random_weapon	-726.691162 1342.249878 45.131298	6.986 -10.078 -97.153	auto_ammo 2
ttt_random_weapon	-778.213013 1343.803345 43.203316	7.001 -11.162 -97.030	auto_ammo 2
ttt_random_weapon	-728.878723 1328.054077 45.050690	6.989 -10.099 -97.298	auto_ammo 2
ttt_random_weapon	-590.906677 930.616089 11.881568	7.384 -5.044 -60.242	auto_ammo 2
ttt_random_weapon	-670.956787 924.100830 11.881008	7.412 -5.045 -60.245	auto_ammo 2
ttt_random_weapon	-707.806763 932.545471 11.881568	7.384 -5.044 -60.242	auto_ammo 2
ttt_random_weapon	-602.410461 749.673706 11.881568	7.384 -5.044 -60.242	auto_ammo 2
ttt_random_weapon	-672.579346 754.443481 11.880957	7.415 -5.045 -60.245	auto_ammo 2
ttt_random_weapon	-730.695801 765.738403 11.880515	7.437 -5.045 -60.247	auto_ammo 2
ttt_random_weapon	-364.536346 59.446400 11.881775	7.373 -5.044 -60.241	auto_ammo 2
ttt_random_weapon	-366.373749 2.930939 11.881010	7.412 -5.045 -60.245	auto_ammo 2
ttt_random_weapon	-371.616333 -64.419136 11.881208	7.402 -5.044 -60.244	auto_ammo 2
ttt_random_weapon	-356.363861 302.985779 173.126038	9.172 -11.284 -97.793	auto_ammo 2
ttt_random_weapon	-258.243256 288.728882 173.126160	9.238 -11.321 -98.052	auto_ammo 2
ttt_random_weapon	813.967957 314.803833 173.129135	9.212 -10.340 -98.319	auto_ammo 2
ttt_random_weapon	711.569763 310.984192 173.126877	9.136 -10.257 -97.760	auto_ammo 2
ttt_random_weapon	644.385681 332.880463 173.128510	9.193 -10.318 -98.169	auto_ammo 2
ttt_random_weapon	-153.299576 309.822906 173.126022	9.146 -11.270 -97.696	auto_ammo 2
ttt_random_weapon	-294.199921 1863.614136 173.132050	9.127 -11.364 -98.356	auto_ammo 2
ttt_random_weapon	-160.162796 1867.132202 173.128662	9.108 -11.291 -97.868	auto_ammo 2
ttt_random_weapon	-44.596176 1864.538696 173.130447	9.117 -11.328 -98.116	auto_ammo 2
ttt_random_weapon	-181.149750 1184.235596 216.133133	9.149 -11.394 -98.592	auto_ammo 2
ttt_random_weapon	-250.346756 750.942627 216.134201	9.159 -11.418 -98.776	auto_ammo 2
ttt_random_weapon	778.918579 744.850586 216.133911	9.132 -11.402 -98.625	auto_ammo 2
ttt_random_weapon	844.633911 1468.343628 216.130569	9.130 -11.336 -98.184	auto_ammo 2
ttt_random_weapon	862.572266 1976.054077 216.134186	9.135 -11.408 -98.673	auto_ammo 2
ttt_random_weapon	522.193726 1977.911621 216.133743	9.130 -11.397 -98.593	auto_ammo 2
ttt_random_weapon	1033.398560 1468.349854 17.578856	-6.864 -26.968 -96.921	auto_ammo 2
ttt_random_weapon	1034.211426 1441.878662 17.129519	9.114 -26.950 -97.992	auto_ammo 2
ttt_random_weapon	748.953308 764.802734 43.130245	9.119 -12.959 -98.100	auto_ammo 2
ttt_random_weapon	730.059753 723.547913 43.132072	9.130 -13.001 -98.371	auto_ammo 2
ttt_random_weapon	701.585571 709.216736 43.132404	9.132 -13.009 -98.425	auto_ammo 2
ttt_random_weapon	877.870850 822.644897 42.273983	10.265 -7.155 -69.219	auto_ammo 2
ttt_random_weapon	870.890991 713.896179 43.134064	9.100 -13.018 -98.511	auto_ammo 2
ttt_random_weapon	873.226379 930.129578 43.131828	9.131 -12.998 -98.345	auto_ammo 2
ttt_random_weapon	872.558411 1023.712524 43.122971	9.250 -11.892 -97.719	auto_ammo 2
ttt_random_weapon	872.632568 1135.805420 43.133808	9.144 -13.045 -98.660	auto_ammo 2
ttt_random_weapon	875.591614 1232.889893 43.132614	9.133 -13.014 -98.456	auto_ammo 2
ttt_random_weapon	878.486328 1342.497314 43.133152	9.136 -13.026 -98.538	auto_ammo 2
ttt_random_weapon	862.360291 1445.398560 43.132553	9.132 -13.012 -98.443	auto_ammo 2
ttt_random_weapon	868.439819 1553.535400 43.132313	9.132 -13.007 -98.410	auto_ammo 2
ttt_random_weapon	866.355713 1649.467529 43.133900	9.141 -13.043 -98.658	auto_ammo 2
ttt_random_weapon	863.455444 1752.932495 43.131447	9.126 -12.987 -98.277	auto_ammo 2
ttt_random_weapon	838.247375 1909.921631 43.129387	9.110 -12.654 -97.962	auto_ammo 2
ttt_random_weapon	731.647705 1909.355591 43.129642	9.097 -12.884 -97.943	auto_ammo 2
ttt_random_weapon	674.224304 1652.580200 43.132343	9.131 -13.007 -98.413	auto_ammo 2
ttt_random_weapon	684.701965 1542.972656 43.130039	9.118 -12.954 -98.071	auto_ammo 2
ttt_random_weapon	681.959473 1439.613647 43.133663	9.139 -13.038 -98.621	auto_ammo 2
ttt_random_weapon	769.734863 1174.780640 43.134594	9.088 -12.819 -98.532	auto_ammo 2
ttt_random_weapon	743.452087 1130.719727 43.134514	9.125 -15.932 -98.675	auto_ammo 2
ttt_random_weapon	742.685425 979.219482 43.131275	9.113 -15.861 -98.205	auto_ammo 2
ttt_random_weapon	759.726563 921.371460 43.132210	9.131 -13.005 -98.395	auto_ammo 2
ttt_random_weapon	493.060211 953.443787 42.275616	10.279 -7.163 -69.261	auto_ammo 2
ttt_random_weapon	481.836029 1055.092163 43.131050	9.124 -12.977 -98.218	auto_ammo 2
ttt_random_weapon	487.081085 1156.180054 43.121315	9.232 -12.845 -97.469	auto_ammo 2
ttt_random_weapon	615.662903 1150.171509 42.106640	-2.647 -13.237 -60.859	auto_ammo 2
ttt_random_weapon	559.830261 847.339722 43.135765	9.082 -12.576 -98.664	auto_ammo 2
ttt_random_weapon	-368.981964 536.366211 43.129513	9.138 -12.971 -98.082	auto_ammo 2
ttt_random_weapon	-374.732788 655.876038 43.132339	9.131 -13.007 -98.412	auto_ammo 2
ttt_random_weapon	-369.312531 766.006226 43.132687	9.134 -13.016 -98.469	auto_ammo 2
ttt_random_weapon	-371.696289 862.555359 43.128662	9.111 -12.924 -97.877	auto_ammo 2
ttt_random_weapon	-370.846558 974.724915 43.129372	9.115 -12.940 -97.976	auto_ammo 2
ttt_random_weapon	-383.300018 1066.734741 43.132626	9.133 -13.014 -98.457	auto_ammo 2
ttt_random_weapon	-157.347397 494.353149 43.130157	9.190 -12.688 -98.367	auto_ammo 2
ttt_random_weapon	-151.196793 595.303162 43.533894	-5.501 -21.856 -97.093	auto_ammo 2
ttt_random_weapon	-62.417458 840.915771 41.684498	1.756 -9.059 -38.449	auto_ammo 2
ttt_random_weapon	-63.355957 951.868103 43.130657	9.122 -12.969 -98.161	auto_ammo 2
ttt_random_weapon	-62.377579 1053.289551 41.682800	1.470 -5.150 -37.757	auto_ammo 2
ttt_random_weapon	-213.500031 1021.531128 43.132122	9.112 -13.136 -98.305	auto_ammo 2
ttt_random_weapon	-217.773605 1066.937256 43.130470	9.120 -12.964 -98.132	auto_ammo 2
ttt_random_weapon	-221.483276 897.359009 43.133045	9.135 -13.023 -98.521	auto_ammo 2
ttt_random_weapon	-220.771057 828.645386 43.128040	9.107 -12.910 -97.791	auto_ammo 2
ttt_random_weapon	-245.536087 332.225250 43.132416	9.132 -13.009 -98.426	auto_ammo 2
ttt_random_weapon	-310.421631 332.805878 43.129974	9.118 -12.953 -98.062	auto_ammo 2
ttt_random_weapon	-57.950207 329.174866 43.137802	9.069 -13.071 -98.894	auto_ammo 2
ttt_random_weapon	-98.867714 328.476990 43.131531	9.127 -12.989 -98.290	auto_ammo 2
ttt_random_weapon	-377.590271 1379.220947 43.134068	9.143 -13.048 -98.690	auto_ammo 2
ttt_random_weapon	-377.662720 1482.375610 43.132885	9.135 -13.021 -98.500	auto_ammo 2
ttt_random_weapon	-382.192749 1590.166870 43.129765	9.118 -12.950 -98.038	auto_ammo 2
ttt_random_weapon	-379.222351 1691.512085 43.131504	9.127 -12.988 -98.288	auto_ammo 2
ttt_random_weapon	-375.286011 1798.770630 43.132008	9.132 -13.002 -98.373	auto_ammo 2
ttt_random_weapon	-251.462799 1919.149658 43.131863	9.129 -12.996 -98.341	auto_ammo 2
ttt_random_weapon	-154.055237 1925.451782 43.133530	9.139 -13.036 -98.601	auto_ammo 2
ttt_random_weapon	-43.371136 1919.470215 43.129440	9.115 -12.941 -97.985	auto_ammo 2
ttt_random_weapon	54.397133 1638.936523 43.134769	9.122 -14.618 -98.699	auto_ammo 2
ttt_random_weapon	52.858303 1545.875610 43.133331	9.138 -13.031 -98.568	auto_ammo 2
ttt_random_weapon	54.883900 1430.464600 43.130959	9.124 -12.975 -98.205	auto_ammo 2
ttt_random_weapon	-191.878815 1541.656738 43.128513	9.097 -12.927 -97.811	auto_ammo 2
ttt_random_weapon	-139.284805 1537.850098 43.134109	9.142 -13.050 -98.693	auto_ammo 2
ttt_random_weapon	-130.812302 1422.047607 43.124886	9.246 -12.809 -97.930	auto_ammo 2
ttt_random_weapon	-181.899124 1415.038940 43.130615	9.124 -12.970 -98.163	auto_ammo 2
ttt_random_weapon	-42.127094 1173.418335 43.134335	9.139 -13.051 -98.711	auto_ammo 2
ttt_random_weapon	-91.480179 1188.485107 43.138111	8.931 -16.836 -98.357	auto_ammo 2
ttt_random_weapon	16.668825 941.698547 55.132610	9.133 -13.014 -98.456	auto_ammo 2
ttt_random_weapon	168.780411 940.983948 55.133640	9.140 -13.038 -98.619	auto_ammo 2
ttt_random_weapon	412.923981 916.454590 43.130150	9.121 -12.959 -98.093	auto_ammo 2
ttt_random_weapon	404.853302 1027.169922 43.132965	9.138 -13.025 -98.523	auto_ammo 2
ttt_random_weapon	527.440002 1639.112549 43.129425	9.115 -12.941 -97.984	auto_ammo 2
ttt_random_weapon	422.633606 1618.796875 43.133640	9.140 -13.038 -98.619	auto_ammo 2
ttt_random_weapon	309.612579 1635.197632 43.128574	9.110 -12.922 -97.864	auto_ammo 2
ttt_random_weapon	209.717621 1630.539429 43.133343	9.137 -13.031 -98.569	auto_ammo 2
ttt_random_weapon	135.578812 1533.086548 43.129658	9.110 -12.939 -97.992	auto_ammo 2
ttt_random_weapon	134.524841 1435.932129 43.131371	9.126 -12.985 -98.265	auto_ammo 2
ttt_random_weapon	268.116302 1480.885498 43.131756	9.129 -12.994 -98.326	auto_ammo 2
ttt_random_weapon	314.042847 1476.701782 43.131115	9.125 -12.979 -98.228	auto_ammo 2
ttt_random_weapon	436.500519 1476.715088 43.131939	9.130 -12.999 -98.354	auto_ammo 2
ttt_random_weapon	482.897308 1477.653809 43.126091	9.192 -13.874 -97.872	auto_ammo 2
ttt_random_weapon	587.714294 1535.721924 43.128944	9.112 -12.930 -97.916	auto_ammo 2
ttt_random_weapon	598.931885 1442.815308 43.129452	9.115 -12.941 -97.986	auto_ammo 2
ttt_random_weapon	388.419708 1119.215820 43.129429	9.115 -12.941 -97.984	auto_ammo 2
ttt_random_weapon	295.541016 1124.371094 43.129692	9.161 -12.879 -98.194	auto_ammo 2
ttt_random_weapon	195.952148 1124.838867 43.129757	9.114 -13.071 -98.019	auto_ammo 2
ttt_random_weapon	77.304916 1100.305176 43.129612	9.116 -12.945 -98.009	auto_ammo 2
ttt_random_weapon	-187.970551 1817.379883 43.128227	9.108 -12.914 -97.817	auto_ammo 2
ttt_random_weapon	-140.725861 1815.863647 43.129002	9.112 -12.931 -97.924	auto_ammo 2
ttt_random_weapon	-206.094528 1683.638306 43.132122	9.133 -13.005 -98.389	auto_ammo 2
ttt_random_weapon	-152.151154 1682.675537 43.128738	9.112 -12.927 -97.892	auto_ammo 2
ttt_random_weapon	634.998291 443.993317 43.132793	9.135 -13.018 -98.485	auto_ammo 2
ttt_random_weapon	751.415283 435.562164 43.126858	9.148 -12.979 -97.802	auto_ammo 2
ttt_random_weapon	845.169983 439.406433 43.133713	9.076 -12.992 -98.369	auto_ammo 2
ttt_random_weapon	860.321228 274.563141 43.124569	9.247 -12.650 -97.895	auto_ammo 2
ttt_random_weapon	722.710815 293.999939 43.131802	9.128 -12.995 -98.330	auto_ammo 2
ttt_random_weapon	672.004700 295.688232 43.129795	9.117 -12.949 -98.035	auto_ammo 2
ttt_random_weapon	497.319122 294.631714 43.131287	9.125 -12.983 -98.253	auto_ammo 2
ttt_random_weapon	366.720551 1692.560669 56.106865	9.108 -11.234 -97.740	auto_ammo 2
ttt_random_weapon	310.358246 1696.280884 55.242672	10.211 -6.092 -68.931	auto_ammo 2
ttt_random_weapon	403.537842 1825.893799 56.108246	9.119 -11.265 -97.941	auto_ammo 2
ttt_random_weapon	359.633820 1818.446533 55.252010	10.322 -6.137 -69.197	auto_ammo 2
ttt_random_weapon	371.820923 1897.989990 55.268158	10.512 -6.233 -69.662	auto_ammo 2
ttt_random_weapon	878.013550 2063.495361 17.137476	9.089 -11.667 -98.937	auto_ammo 2
ttt_random_weapon	870.805054 2020.457397 16.266251	10.199 -5.193 -69.012	auto_ammo 2
ttt_random_weapon	726.380737 2054.656738 17.136408	9.090 -11.649 -98.788	auto_ammo 2
ttt_random_weapon	778.279724 2040.584351 17.135695	9.090 -11.636 -98.691	auto_ammo 2
item_ammo_357_ttt	-170.152710 1628.787354 211.368408	0.457 0.056 0.041
item_ammo_357_ttt	-171.838898 1670.370850 211.368408	0.457 0.056 0.041
item_ammo_357_ttt	488.930054 1482.058350 211.332458	0.450 0.064 0.055
item_ammo_357_ttt	482.181946 1449.598022 211.336563	0.451 0.064 0.054
item_ammo_357_ttt	245.087158 732.501099 211.323868	0.448 0.068 0.059
item_ammo_357_ttt	258.292419 766.734863 211.346298	0.453 0.061 0.050
weapon_zm_rifle	-171.588562 1660.146973 210.120987	3.611 13.250 64.997
weapon_zm_rifle	485.535034 1469.807373 210.101990	3.655 13.270 64.887
weapon_zm_rifle	254.096008 754.104858 210.122940	3.606 13.247 65.008
