# Trouble in Terrorist Town weapon/ammo placement overrides
# For map: ttt_drugbust
# Exported by: amber
setting:	replacespawns 0
weapon_ttt_smokegrenade	80.994003 -204.987000 17.385599	-0.274 248.726 -0.843
weapon_ttt_smokegrenade	87.013199 -206.009003 17.367300	-0.312 107.675 -0.965
weapon_ttt_smokegrenade	-344.000000 -608.000000 208.942001	0.000 0.000 0.000
weapon_ttt_smokegrenade	-336.000000 -616.000000 208.942001	0.000 0.000 0.000
weapon_ttt_smokegrenade	-424.000000 248.000000 272.941986	0.000 0.000 0.000
weapon_ttt_smokegrenade	-432.000000 248.000000 276.903992	-90.000 0.000 0.000
weapon_ttt_smokegrenade	507.855988 19.571400 17.126499	-0.199 134.759 -0.605
weapon_ttt_smokegrenade	506.873993 14.693200 17.074800	-0.307 34.682 -0.951
weapon_ttt_smokegrenade	515.275024 18.924700 17.103500	-0.247 359.747 -0.759
weapon_ttt_smokegrenade	505.625000 9.285590 17.065800	-0.325 19.634 -1.027
weapon_ttt_smokegrenade	513.357971 12.442700 17.087000	-0.282 261.721 -0.869
weapon_ttt_smokegrenade	856.000000 1008.000000 353.985992	0.000 162.000 0.000
weapon_ttt_smokegrenade	864.000000 1000.000000 353.985992	0.000 168.000 0.000
weapon_ttt_smokegrenade	856.000000 1000.000000 353.985992	0.000 94.000 0.000
weapon_ttt_smokegrenade	1757.469971 1349.589966 38.612801	0.000 176.000 0.000
weapon_ttt_smokegrenade	1749.050049 1342.209961 38.612801	0.000 176.000 0.000
ttt_random_weapon	476.362213 1053.647949 323.882507	7.337 -5.043 -60.237	auto_ammo 2
ttt_random_weapon	485.576202 1087.090942 323.880981	7.415 -5.045 -60.245	auto_ammo 2
ttt_random_weapon	465.545258 1029.193726 323.882050	7.360 -5.044 -60.240	auto_ammo 2
ttt_random_weapon	536.633667 1078.723755 323.880585	7.434 -5.045 -60.247	auto_ammo 2
ttt_random_weapon	532.351746 1050.210449 323.880920	7.417 -5.045 -60.245	auto_ammo 2
ttt_random_weapon	528.677307 1023.904419 323.882416	7.342 -5.044 -60.238	auto_ammo 2
ttt_random_weapon	299.138672 299.716370 4.280706	10.338 -7.074 -69.488	auto_ammo 2
ttt_random_weapon	293.252563 323.230835 3.880851	7.420 -5.045 -60.246	auto_ammo 2
ttt_random_weapon	278.538361 284.596954 5.128606	9.164 -11.569 -98.069	auto_ammo 2
ttt_random_weapon	1126.552979 279.915344 3.879672	7.484 -5.047 -60.254	auto_ammo 2
ttt_random_weapon	1131.682983 323.578400 3.743031	3.354 -4.750 -39.401	auto_ammo 2
ttt_random_weapon	1086.272339 317.636658 4.271748	10.254 -6.551 -69.206	auto_ammo 2
ttt_random_weapon	1083.614746 280.992584 5.122783	9.183 -11.580 -97.464	auto_ammo 2
ttt_random_weapon	1906.679321 317.241119 3.880630	7.431 -5.045 -60.247	auto_ammo 2
ttt_random_weapon	1807.571045 311.647736 3.881734	7.376 -5.044 -60.241	auto_ammo 2
ttt_random_weapon	1741.573486 315.344910 3.881108	7.407 -5.045 -60.244	auto_ammo 2
ttt_random_weapon	1662.270752 317.643585 3.882070	7.358 -5.044 -60.240	auto_ammo 2
ttt_random_weapon	1839.977905 1288.716797 3.880399	7.443 -5.046 -60.248	auto_ammo 2
ttt_random_weapon	1855.626221 1371.608154 3.881439	7.390 -5.044 -60.243	auto_ammo 2
ttt_random_weapon	1808.318604 1428.385010 3.880459	7.440 -5.045 -60.248	auto_ammo 2
ttt_random_weapon	1715.795166 1414.121704 3.882036	7.360 -5.044 -60.240	auto_ammo 2
ttt_random_weapon	1555.134277 1617.891479 3.881206	7.402 -5.044 -60.244	auto_ammo 2
ttt_random_weapon	1546.633179 1468.965576 3.880689	7.428 -5.045 -60.247	auto_ammo 2
ttt_random_weapon	1545.770508 1393.548340 3.881010	7.412 -5.045 -60.245	auto_ammo 2
ttt_random_weapon	1553.801514 1517.988525 3.880574	7.434 -5.045 -60.247	auto_ammo 2
ttt_random_weapon	927.517334 475.765045 323.880646	7.431 -5.045 -60.247	auto_ammo 2
ttt_random_weapon	817.873718 470.108124 323.879913	7.469 -5.048 -60.251	auto_ammo 2
ttt_random_weapon	714.467224 466.478455 324.230530	10.120 -5.289 -69.391	auto_ammo 2
ttt_random_weapon	1320.848511 -409.964905 277.130157	9.128 -11.326 -98.120	auto_ammo 2
ttt_random_weapon	1129.060791 -411.017212 277.132843	9.149 -11.388 -98.550	auto_ammo 2
ttt_random_weapon	947.437378 -370.264740 277.126984	9.192 -11.296 -97.978	auto_ammo 2
ttt_random_weapon	810.775696 -376.691895 277.130341	9.129 -11.331 -98.150	auto_ammo 2
ttt_random_weapon	650.382996 -365.170074 277.128357	9.114 -11.285 -97.852	auto_ammo 2
ttt_random_weapon	527.865173 -359.475220 277.131805	9.139 -11.364 -98.373	auto_ammo 2
ttt_random_weapon	1100.443481 -273.939240 3.881733	7.376 -5.044 -60.241	auto_ammo 2
ttt_random_weapon	1103.860962 -292.588043 3.882911	7.316 -5.043 -60.235	auto_ammo 2
ttt_random_weapon	966.969971 -288.564972 3.880275	7.449 -5.045 -60.249	auto_ammo 2
ttt_random_weapon	968.358887 -249.221924 3.882820	7.320 -5.043 -60.236	auto_ammo 2
ttt_random_weapon	823.553040 -279.339447 3.881569	7.384 -5.044 -60.242	auto_ammo 2
ttt_random_weapon	827.125977 -239.453796 3.880630	7.431 -5.045 -60.247	auto_ammo 2
ttt_random_weapon	709.492310 -282.655609 3.881301	7.397 -5.044 -60.243	auto_ammo 2
ttt_random_weapon	711.452637 -232.644897 3.879629	7.488 -5.048 -60.255	auto_ammo 2
ttt_random_weapon	-639.563660 -700.740540 3.881349	7.395 -5.044 -60.243	auto_ammo 2
ttt_random_weapon	-701.369202 -670.729553 3.881654	7.380 -5.044 -60.242	auto_ammo 2
ttt_random_weapon	-752.703247 -609.245667 2.018872	10.041 -15.707 -98.029	auto_ammo 2
ttt_random_weapon	-767.142700 -524.014404 2.687829	12.020 -12.919 -98.446	auto_ammo 2
ttt_random_weapon	-730.068359 679.338074 1.431652	6.293 -11.208 -97.266	auto_ammo 2
ttt_random_weapon	-744.681458 606.410645 1.622438	8.308 -13.366 -98.096	auto_ammo 2
ttt_random_weapon	-245.632309 1150.194824 3.882036	7.360 -5.044 -60.240	auto_ammo 2
ttt_random_weapon	-199.738785 1072.221191 3.881393	7.541 -5.047 -60.308	auto_ammo 2
ttt_random_weapon	-168.024261 986.571655 3.880278	7.449 -5.045 -60.249	auto_ammo 2
ttt_random_weapon	-81.611732 1094.458008 3.879604	7.492 -5.049 -60.256	auto_ammo 2
ttt_random_weapon	-0.645099 1096.229004 3.881160	7.405 -5.044 -60.244	auto_ammo 2
ttt_random_weapon	-191.951950 912.736389 3.879633	7.488 -5.048 -60.255	auto_ammo 2
ttt_random_weapon	410.352417 1227.896240 3.880689	7.428 -5.045 -60.247	auto_ammo 2
ttt_random_weapon	313.997589 1192.650635 3.881928	7.366 -5.044 -60.240	auto_ammo 2
ttt_random_weapon	291.410126 1125.646851 3.881814	7.371 -5.044 -60.241	auto_ammo 2
ttt_random_weapon	302.836853 1074.113770 3.868850	7.181 -7.513 -59.935	auto_ammo 2
ttt_random_weapon	501.545349 1220.049805 3.881852	7.370 -5.044 -60.241	auto_ammo 2
ttt_random_weapon	1134.903198 202.288116 3.880633	7.431 -5.045 -60.247	auto_ammo 2
ttt_random_weapon	1228.544678 274.710236 3.880576	7.434 -5.045 -60.247	auto_ammo 2
ttt_random_weapon	1212.388428 345.800903 3.881386	7.541 -5.047 -60.308	auto_ammo 2
ttt_random_weapon	884.980469 1007.506531 181.131653	9.130 -12.994 -98.319	auto_ammo 2
ttt_random_weapon	588.818848 508.531342 181.122864	9.181 -11.889 -97.463	auto_ammo 2
ttt_random_weapon	602.926025 458.101227 181.127823	9.092 -11.902 -97.711	auto_ammo 2
ttt_random_weapon	596.532043 487.069336 181.133911	9.129 -13.036 -98.612	auto_ammo 2
ttt_random_weapon	598.529785 445.807770 179.833237	7.077 -5.783 -59.283	auto_ammo 2
ttt_random_weapon	906.161255 1055.084839 181.131653	9.121 -12.940 -98.282	auto_ammo 2
ttt_random_weapon	935.128601 770.630981 179.883896	7.251 -6.152 -60.224	auto_ammo 2
ttt_random_weapon	931.640625 757.040100 181.134827	9.065 -9.289 -98.468	auto_ammo 2
ttt_random_weapon	504.015106 510.824402 35.880573	7.434 -5.045 -60.247	auto_ammo 2
ttt_random_weapon	495.992096 582.769897 35.882000	7.362 -5.044 -60.240	auto_ammo 2
ttt_random_weapon	494.667206 656.789063 35.879761	7.511 -5.057 -60.267	auto_ammo 2
ttt_random_weapon	941.892944 1067.098267 323.881836	7.371 -5.044 -60.241	auto_ammo 2
ttt_random_weapon	951.345520 1022.839966 323.881134	7.407 -5.044 -60.244	auto_ammo 2
ttt_random_weapon	948.412476 976.350769 323.880524	7.437 -5.045 -60.247	auto_ammo 2
ttt_random_weapon	951.134827 559.578491 43.334431	6.174 -16.801 -50.048	auto_ammo 2
ttt_random_weapon	915.393127 499.898071 35.880959	7.415 -5.045 -60.245	auto_ammo 2
ttt_random_weapon	892.517761 456.735992 35.880276	7.449 -5.045 -60.249	auto_ammo 2
ttt_random_weapon	857.085449 556.003052 35.881695	7.378 -5.044 -60.241	auto_ammo 2
ttt_random_weapon	551.357178 1048.188843 43.304089	20.313 -59.698 106.443	auto_ammo 2
ttt_random_weapon	508.881592 1043.992798 60.767845	16.819 23.438 -56.974	auto_ammo 2
ttt_random_weapon	618.723938 949.593689 181.121887	9.248 -12.474 -97.587	auto_ammo 2
ttt_random_weapon	707.803223 979.853699 181.131592	9.129 -12.992 -98.308	auto_ammo 2
ttt_random_weapon	890.252380 555.794312 181.132950	9.139 -13.025 -98.523	auto_ammo 2
ttt_random_weapon	875.626526 512.744507 181.131912	9.132 -13.000 -98.359	auto_ammo 2
item_ammo_smg1_ttt	753.538025 1011.340027 37.000000	0.000 359.000 0.000
item_ammo_smg1_ttt	994.000000 464.000000 224.283005	0.000 338.500 0.000
item_ammo_smg1_ttt	980.000000 478.000000 224.283005	0.000 38.500 0.000
item_ammo_smg1_ttt	972.000000 462.000000 224.283005	0.000 202.500 0.000
item_ammo_smg1_ttt	358.000000 -495.000000 48.117298	0.000 178.000 0.000
item_ammo_smg1_ttt	378.000000 -493.000000 48.117298	0.000 90.000 0.000
item_ammo_smg1_ttt	360.000000 -519.000000 48.117298	0.000 324.000 0.000
item_ammo_smg1_ttt	380.000000 -516.000000 48.117298	0.000 332.000 0.000
item_ammo_smg1_ttt	592.000000 856.000000 32.344700	0.000 287.000 0.000
item_ammo_smg1_ttt	578.000000 842.000000 32.344700	0.000 232.000 0.000
item_ammo_smg1_ttt	860.893005 988.323975 332.298004	-0.033 300.730 87.813
item_ammo_smg1_ttt	562.000000 761.564026 32.344700	0.000 295.000 0.000
item_ammo_smg1_ttt	788.075012 816.906006 32.344700	0.000 264.000 0.000
item_ammo_smg1_ttt	-294.000000 1070.000000 0.344724	0.000 323.000 0.000
item_ammo_smg1_ttt	1882.000000 1190.000000 0.344724	0.000 19.000 0.000
item_ammo_smg1_ttt	1861.000000 1193.000000 0.344724	0.000 220.000 0.000
item_ammo_smg1_ttt	1877.000000 1215.000000 0.344724	0.000 129.000 0.000
item_ammo_smg1_ttt	1855.000000 1216.000000 0.344724	0.000 247.000 0.000
item_ammo_smg1_ttt	-665.000000 715.000000 0.344724	0.000 281.000 0.000
item_ammo_smg1_ttt	-664.017029 696.000000 -0.053838	0.000 127.000 0.000
item_ammo_smg1_ttt	1275.000000 -626.000000 0.344724	0.000 73.000 0.000
item_ammo_smg1_ttt	1275.000000 -610.000000 0.344724	0.000 77.000 0.000
item_ammo_smg1_ttt	1279.000000 -590.000000 0.344728	0.000 190.000 0.000
item_ammo_smg1_ttt	509.000000 -443.000000 13.026000	0.000 7.000 0.000
item_ammo_smg1_ttt	530.000000 -449.000000 13.026000	0.000 297.000 0.000
item_ammo_smg1_ttt	540.000000 -464.000000 13.025900	0.000 123.000 0.000
item_ammo_smg1_ttt	2220.000000 234.000000 0.344724	0.000 182.000 0.000
item_ammo_smg1_ttt	2199.000000 234.000000 0.344724	0.000 162.000 0.000
item_ammo_smg1_ttt	272.000000 1248.000000 0.344724	0.000 89.000 0.000
item_ammo_smg1_ttt	296.000000 1248.000000 0.344724	0.000 124.000 0.000
item_ammo_smg1_ttt	272.000000 1232.000000 0.344724	0.000 119.000 0.000
item_ammo_smg1_ttt	934.905029 1072.000000 130.686996	0.000 0.000 0.000
item_ammo_smg1_ttt	278.742004 -288.000000 272.345001	0.000 13.000 0.000
item_ammo_smg1_ttt	278.742004 -312.000000 272.345001	0.000 0.000 0.000
item_ammo_smg1_ttt	278.404999 -336.000000 272.345001	0.000 213.000 0.000
item_ammo_smg1_ttt	25.611799 -213.039993 -7.655270	0.000 126.000 0.000
item_ammo_smg1_ttt	31.232201 -226.175995 -7.655270	0.000 300.500 0.000
item_ammo_smg1_ttt	1488.000000 -416.000000 0.344724	0.000 199.000 0.000
item_ammo_smg1_ttt	1504.000000 -408.000000 0.344724	0.000 312.000 0.000
item_ammo_smg1_ttt	1528.000000 -408.000000 0.344724	0.000 317.000 0.000
item_ammo_smg1_ttt	1512.000000 -424.000000 0.344716	0.000 71.000 0.000
item_ammo_smg1_ttt	1488.000000 -440.000000 0.344732	0.000 21.000 0.000
item_ammo_smg1_ttt	1122.910034 -568.934021 272.345001	0.000 128.000 0.000
item_ammo_smg1_ttt	1103.160034 -568.674988 272.345001	0.000 177.000 0.000
item_ammo_smg1_ttt	1087.160034 -568.674988 272.345001	0.000 14.000 0.000
item_ammo_smg1_ttt	513.646973 890.083008 176.345001	0.000 119.000 0.000
item_ammo_smg1_ttt	512.000000 912.000000 176.345001	0.000 31.000 0.000
item_ammo_smg1_ttt	532.242004 907.655029 176.345001	0.000 340.000 0.000
item_ammo_smg1_ttt	1169.010010 1436.130005 0.344724	0.000 13.000 0.000
item_ammo_smg1_ttt	1188.790039 1440.180054 0.344724	0.000 261.000 0.000
item_ammo_smg1_ttt	1214.589966 1439.729980 0.344724	0.000 231.000 0.000
item_ammo_smg1_ttt	1237.459961 1440.349976 0.344724	0.000 222.000 0.000
item_ammo_smg1_ttt	872.268005 997.322021 332.414001	-0.087 307.383 87.984
item_ammo_smg1_ttt	-284.000000 1002.000000 0.344716	0.000 178.000 0.000
item_ammo_smg1_ttt	-291.000000 1027.000000 0.344724	0.000 108.000 0.000
item_ammo_smg1_ttt	-290.000000 1048.000000 0.344724	0.000 106.000 0.000
item_ammo_smg1_ttt	1373.000000 -288.000000 8.344720	0.000 138.000 0.000
item_ammo_smg1_ttt	1394.000000 -304.000000 8.344720	0.000 212.000 0.000
item_ammo_smg1_ttt	1394.000000 -330.000000 8.344720	0.000 223.000 0.000
item_ammo_smg1_ttt	1376.000000 -313.000000 8.344720	0.000 176.000 0.000
item_ammo_smg1_ttt	888.000000 -361.000000 8.344720	0.000 320.000 0.000
item_ammo_smg1_ttt	909.000000 -359.000000 8.344720	0.000 18.000 0.000
item_ammo_smg1_ttt	788.328979 505.729004 37.000000	0.000 175.000 0.000
weapon_zm_molotov	570.000000 877.000000 55.882801	-64.381 241.992 -47.725
weapon_zm_molotov	575.000000 867.000000 55.882801	-67.107 73.417 -41.609
weapon_zm_molotov	640.000000 600.000000 176.942001	0.000 9.000 0.000
weapon_zm_molotov	656.000000 592.000000 176.942001	0.000 217.000 0.000
weapon_zm_molotov	640.000000 584.000000 176.942001	0.000 16.000 0.000
weapon_zm_molotov	952.000000 864.000000 208.354996	0.000 220.000 0.000
weapon_zm_molotov	936.000000 864.000000 208.354996	0.000 177.000 0.000
weapon_zm_molotov	944.000000 880.000000 208.354996	0.000 6.000 0.000
weapon_zm_molotov	962.568970 736.940002 190.156006	2.124 335.794 41.099
weapon_zm_molotov	1280.000000 -280.000000 304.941986	0.000 141.000 0.000
weapon_zm_molotov	1296.000000 -280.000000 304.941986	0.000 249.000 0.000
weapon_zm_molotov	1288.000000 -288.000000 304.941986	0.000 269.000 0.000
weapon_zm_molotov	886.500000 776.500000 320.941986	0.000 171.000 0.000
weapon_zm_molotov	886.000000 789.500000 320.941986	0.000 258.000 0.000
weapon_zm_molotov	-680.000000 760.000000 211.281006	0.000 226.000 0.000
weapon_zm_molotov	-335.000000 -607.000000 208.942001	0.000 247.000 0.000
item_box_buckshot_ttt	755.023987 1016.719971 53.530602	0.000 262.500 0.000
item_box_buckshot_ttt	754.723999 1006.679993 53.530602	0.000 264.000 0.000
item_box_buckshot_ttt	754.922974 996.664978 53.530602	0.000 106.000 0.000
item_box_buckshot_ttt	755.632996 986.515015 53.530602	0.000 168.500 0.000
item_box_buckshot_ttt	796.762024 1029.119995 49.009602	-0.913 329.358 0.048
item_box_buckshot_ttt	922.000000 958.000000 72.000000	0.000 120.000 0.000
item_box_buckshot_ttt	932.000000 952.000000 72.000000	0.000 255.000 0.000
item_box_buckshot_ttt	932.000000 962.000000 72.000000	0.000 231.500 0.000
item_box_buckshot_ttt	748.000000 620.000000 320.294006	0.000 227.000 0.000
item_box_buckshot_ttt	776.000000 620.000000 320.294006	0.000 50.000 0.000
item_box_buckshot_ttt	762.000000 616.000000 320.294006	0.000 109.000 0.000
item_box_buckshot_ttt	791.000000 620.000000 320.294006	0.000 217.000 0.000
item_box_buckshot_ttt	388.000000 -453.000000 48.117298	0.000 290.000 0.000
item_box_buckshot_ttt	394.000000 -437.000000 48.117298	0.000 340.000 0.000
item_box_buckshot_ttt	403.000000 -457.000000 48.117298	0.000 68.000 0.000
item_box_buckshot_ttt	412.000000 -440.000000 48.117298	0.000 328.000 0.000
item_box_buckshot_ttt	588.000000 694.000000 32.293900	0.000 151.000 0.000
item_box_buckshot_ttt	594.000000 680.000000 32.293900	0.000 216.000 0.000
item_box_buckshot_ttt	584.000000 682.000000 32.293900	0.000 42.000 0.000
item_box_buckshot_ttt	590.000000 668.000000 32.293900	0.000 73.000 0.000
item_box_buckshot_ttt	-58.000000 454.000000 16.294800	0.000 65.000 0.000
item_box_buckshot_ttt	-395.000000 428.000000 -15.706100	0.000 352.000 0.000
item_box_buckshot_ttt	-406.000000 427.000000 -15.706100	0.000 286.000 0.000
item_box_buckshot_ttt	-420.000000 426.000000 -15.706100	0.000 19.000 0.000
item_box_buckshot_ttt	-435.000000 424.000000 -15.706100	0.000 136.000 0.000
item_box_buckshot_ttt	-420.000000 -249.000000 208.294006	0.000 58.000 0.000
item_box_buckshot_ttt	-421.000000 -262.000000 208.294006	0.000 229.000 0.000
item_box_buckshot_ttt	-433.000000 -247.000000 208.294006	0.000 132.000 0.000
item_box_buckshot_ttt	-431.612000 -257.552002 208.294006	0.000 291.000 0.000
item_box_buckshot_ttt	494.000000 -454.000000 13.025900	0.000 183.000 0.000
item_box_buckshot_ttt	507.000000 -468.000000 13.025900	0.000 237.000 0.000
item_box_buckshot_ttt	513.000000 -458.000000 13.026000	0.000 147.000 0.000
item_box_buckshot_ttt	1072.000000 240.000000 0.293874	0.000 242.000 0.000
item_box_buckshot_ttt	1088.000000 240.000000 0.293874	0.000 354.000 0.000
item_box_buckshot_ttt	1081.750000 228.987000 0.293886	0.000 53.000 0.000
item_box_buckshot_ttt	824.000000 1272.000000 32.293900	0.000 105.000 0.000
item_box_buckshot_ttt	840.000000 1272.000000 32.293900	0.000 46.000 0.000
item_box_buckshot_ttt	856.000000 1272.000000 32.293900	0.000 294.000 0.000
item_box_buckshot_ttt	1160.000000 672.000000 0.293878	0.000 281.000 0.000
item_box_buckshot_ttt	1144.000000 672.000000 0.293878	0.000 189.000 0.000
item_box_buckshot_ttt	1160.000000 688.000000 0.293878	0.000 128.000 0.000
item_box_buckshot_ttt	1148.339966 683.065979 0.293878	0.000 35.000 0.000
item_box_buckshot_ttt	796.734009 992.031006 49.061798	0.225 68.065 -0.412
item_box_buckshot_ttt	796.744995 1003.690002 49.005199	-0.277 91.840 -0.457
item_box_buckshot_ttt	796.763000 1015.719971 49.000500	-0.218 238.315 0.435
item_box_buckshot_ttt	440.000000 40.000000 -7.706120	0.000 59.000 0.000
item_box_buckshot_ttt	440.000000 24.000000 -7.706120	0.000 144.000 0.000
item_box_buckshot_ttt	432.000000 32.000000 -7.706120	0.000 131.000 0.000
item_box_buckshot_ttt	432.000000 48.000000 -7.706120	0.000 293.000 0.000
item_box_buckshot_ttt	1712.000000 -384.000000 0.293878	0.000 13.000 0.000
item_box_buckshot_ttt	1696.000000 -384.000000 0.293870	0.000 80.000 0.000
item_box_buckshot_ttt	1712.000000 -368.000000 0.293878	0.000 347.000 0.000
item_box_buckshot_ttt	1696.000000 -368.000000 0.293870	0.000 76.000 0.000
item_box_buckshot_ttt	-408.000000 248.000000 208.294006	0.000 259.000 0.000
item_box_buckshot_ttt	-406.057007 263.761993 208.294006	0.000 124.000 0.000
item_box_buckshot_ttt	-392.000000 248.000000 208.294006	0.000 127.000 0.000
item_box_buckshot_ttt	-390.057007 263.761993 208.294006	0.000 103.000 0.000
item_box_buckshot_ttt	792.000000 408.000000 176.294006	0.000 38.000 0.000
item_box_buckshot_ttt	792.000000 424.000000 176.294006	0.000 333.000 0.000
item_box_buckshot_ttt	792.000000 440.000000 176.294006	0.000 257.000 0.000
item_box_buckshot_ttt	808.000000 408.000000 176.294006	0.000 258.000 0.000
item_box_buckshot_ttt	804.976990 422.127991 176.294006	0.000 308.500 0.000
item_box_buckshot_ttt	626.960999 23.169100 42.205002	-0.478 241.352 -5.166
item_box_buckshot_ttt	623.997009 35.638100 42.665298	5.198 11.238 1.643
item_box_buckshot_ttt	632.314026 50.861198 42.298698	-0.850 238.550 -5.259
item_box_buckshot_ttt	1320.000000 1464.000000 32.293900	0.000 148.000 0.000
item_box_buckshot_ttt	1332.520020 1464.000000 32.293900	0.000 279.000 0.000
item_box_buckshot_ttt	1346.579956 1464.000000 32.293900	0.000 270.000 0.000
item_box_buckshot_ttt	1361.670044 1464.000000 32.293900	0.000 32.000 0.000
item_box_buckshot_ttt	792.041992 -711.911011 20.065001	-1.644 304.989 -0.816
item_box_buckshot_ttt	781.244019 -700.176025 20.052999	0.806 76.981 0.046
item_box_buckshot_ttt	798.572998 -695.302979 20.053200	1.430 114.982 0.605
item_box_buckshot_ttt	781.857971 -688.859985 20.058901	-0.309 0.015 -0.310
item_box_buckshot_ttt	809.116028 -707.338013 20.058901	-0.309 331.015 -0.310
item_box_buckshot_ttt	1760.000000 880.000000 0.293878	0.000 166.000 0.000
item_box_buckshot_ttt	1776.000000 872.000000 0.293878	0.000 243.000 0.000
item_box_buckshot_ttt	1768.000000 864.000000 0.293878	0.000 11.000 0.000
item_box_buckshot_ttt	1784.000000 880.000000 0.293878	0.000 287.000 0.000
item_box_buckshot_ttt	1750.000000 1247.000000 0.293874	0.000 232.000 0.000
item_box_buckshot_ttt	1767.000000 1243.000000 0.293874	0.000 114.000 0.000
item_box_buckshot_ttt	1758.000000 1259.000000 0.293878	0.000 251.000 0.000
item_box_buckshot_ttt	1747.000000 1272.000000 0.293874	0.000 145.000 0.000
item_box_buckshot_ttt	373.000000 -700.000000 272.294006	0.000 344.000 0.000
item_box_buckshot_ttt	357.000000 -702.000000 272.294006	0.000 336.000 0.000
item_box_buckshot_ttt	342.000000 -702.000000 272.294006	0.000 152.000 0.000
item_box_buckshot_ttt	375.000000 -685.000000 272.294006	0.000 197.000 0.000
item_box_buckshot_ttt	363.000000 -688.000000 272.294006	0.000 175.000 0.000
item_box_buckshot_ttt	375.000000 -670.000000 272.294006	0.000 268.000 0.000
item_box_buckshot_ttt	786.471008 500.460999 53.530602	0.000 78.500 0.000
item_box_buckshot_ttt	787.471008 510.455994 53.530602	0.000 80.000 0.000
item_box_buckshot_ttt	787.971008 520.460999 53.530602	0.000 282.000 0.000
item_box_buckshot_ttt	787.971008 530.635010 53.530602	0.000 344.500 0.000
item_box_buckshot_ttt	787.971008 530.911987 103.653000	0.000 263.000 0.000
item_box_buckshot_ttt	787.971008 520.000000 103.653000	0.000 0.000 0.000
item_box_buckshot_ttt	754.890991 997.124023 103.653000	0.000 184.000 0.000
item_box_buckshot_ttt	755.651978 986.239014 103.653000	0.000 87.000 0.000
item_ammo_357_ttt	792.000000 609.000000 207.279007	0.000 285.000 0.000
item_ammo_357_ttt	780.000000 615.000000 207.279007	0.000 285.000 0.000
item_ammo_357_ttt	872.000000 774.000000 368.276001	0.000 292.000 0.000
item_ammo_357_ttt	871.000000 784.000000 368.276001	0.000 142.000 0.000
item_ammo_357_ttt	823.000000 772.000000 368.276001	0.000 304.000 0.000
item_ammo_357_ttt	507.000000 852.000000 176.276001	0.000 204.000 0.000
item_ammo_357_ttt	519.000000 854.000000 176.276001	0.000 22.000 0.000
item_ammo_357_ttt	531.000000 857.000000 176.276001	0.000 303.000 0.000
item_ammo_357_ttt	504.000000 871.000000 176.276001	0.000 359.000 0.000
item_ammo_357_ttt	515.000000 870.000000 176.276001	0.000 272.000 0.000
item_ammo_357_ttt	530.000000 871.000000 176.276001	0.000 94.000 0.000
item_ammo_357_ttt	759.000000 767.000000 32.275799	0.000 89.000 0.000
item_ammo_357_ttt	756.000000 754.000000 32.275799	0.000 44.000 0.000
item_ammo_357_ttt	745.000000 743.000000 32.275799	0.000 359.000 0.000
item_ammo_357_ttt	762.000000 741.000000 32.275799	0.000 306.000 0.000
item_ammo_357_ttt	745.000000 767.000000 32.275799	0.000 1.000 0.000
item_ammo_357_ttt	428.000000 522.000000 329.281006	0.000 274.000 0.000
item_ammo_357_ttt	428.000000 512.000000 329.281006	0.000 302.000 0.000
item_ammo_357_ttt	-320.000000 -552.000000 240.276001	0.000 305.000 0.000
item_ammo_357_ttt	-314.000000 -562.000000 240.276001	0.000 320.000 0.000
item_ammo_357_ttt	-326.000000 -566.000000 240.276001	0.000 334.000 0.000
item_ammo_357_ttt	-806.986023 597.000000 -0.150773	0.000 292.000 0.000
item_ammo_357_ttt	-807.986023 608.000000 -0.145154	0.000 330.000 0.000
item_ammo_357_ttt	-808.986023 620.000000 -0.096749	0.000 266.000 0.000
item_ammo_357_ttt	518.000000 -477.000000 13.025900	0.000 314.000 0.000
item_ammo_357_ttt	521.000000 -465.000000 13.025900	0.000 233.000 0.000
item_ammo_357_ttt	532.000000 -476.000000 13.025900	0.000 359.000 0.000
item_ammo_357_ttt	524.000000 -487.000000 13.026000	0.000 11.000 0.000
item_ammo_357_ttt	2139.000000 388.000000 0.275810	0.000 212.000 0.000
item_ammo_357_ttt	2138.000000 376.000000 0.275806	0.000 232.000 0.000
item_ammo_357_ttt	2151.000000 380.000000 0.275806	0.000 310.000 0.000
item_ammo_357_ttt	1774.000000 782.000000 0.275812	0.000 235.000 0.000
item_ammo_357_ttt	1788.000000 782.000000 0.275810	0.000 180.000 0.000
item_ammo_357_ttt	1797.000000 782.000000 0.275812	0.000 260.000 0.000
item_ammo_357_ttt	728.744019 1272.000000 0.275806	0.000 26.000 0.000
item_ammo_357_ttt	720.000000 1272.000000 0.275810	0.000 186.000 0.000
item_ammo_357_ttt	709.932007 1272.000000 0.275814	0.000 319.000 0.000
item_ammo_357_ttt	1248.000000 -312.000000 272.276001	0.000 87.000 0.000
item_ammo_357_ttt	1262.439941 -312.000000 272.276001	0.000 313.000 0.000
item_ammo_357_ttt	1273.270020 -312.000000 272.276001	0.000 176.000 0.000
item_ammo_357_ttt	1286.180054 -312.000000 272.276001	0.000 293.000 0.000
item_ammo_357_ttt	1243.849976 1464.000000 32.275799	0.000 288.000 0.000
item_ammo_357_ttt	1256.800049 1464.000000 32.275799	0.000 246.000 0.000
item_ammo_357_ttt	1271.150024 1464.000000 32.275799	0.000 68.000 0.000
item_ammo_357_ttt	842.065002 1042.000000 324.148010	1.886 203.749 0.107
item_ammo_357_ttt	834.830994 1039.239990 324.141998	1.651 216.501 0.127
item_ammo_357_ttt	828.148010 1034.920044 324.131989	0.422 50.179 0.738
item_ammo_357_ttt	-345.000000 1325.000000 0.275810	0.000 344.000 0.000
item_ammo_357_ttt	-333.000000 1325.000000 0.275810	0.000 2.000 0.000
item_ammo_357_ttt	-344.000000 1311.000000 0.275810	0.000 124.000 0.000
item_ammo_357_ttt	-333.490997 1309.619995 0.275810	0.000 148.000 0.000
item_ammo_357_ttt	786.572021 501.936005 89.600197	0.000 319.000 0.000
item_ammo_357_ttt	786.572021 513.000000 89.600197	0.000 62.000 0.000
item_ammo_357_ttt	786.572021 526.771973 89.600197	0.000 339.000 0.000
item_ammo_357_ttt	755.026001 1015.239990 89.600197	0.000 143.000 0.000
item_ammo_357_ttt	755.796997 1004.200012 89.600197	0.000 246.000 0.000
item_ammo_357_ttt	756.757996 990.466003 89.600197	0.000 163.000 0.000
ttt_random_ammo	602.331238 -238.441299 0.386661	0.319 0.002 0.331
ttt_random_ammo	575.086548 -236.228195 0.342302	0.048 0.000 -0.021
ttt_random_ammo	554.097351 -240.765045 0.346824	0.050 0.000 -0.017
ttt_random_ammo	478.024719 -234.908600 0.355444	0.057 0.000 -0.004
ttt_random_ammo	420.625275 -238.542191 0.346824	0.050 0.000 -0.017
ttt_random_ammo	449.065247 -239.150040 0.440701	-0.842 0.121 1.374
ttt_random_ammo	451.505310 -234.054214 0.471888	1.078 0.147 1.054
ttt_random_ammo	1029.458984 -277.483063 0.354202	-0.055 -0.000 -0.007
ttt_random_ammo	1030.691528 -247.826492 0.355446	0.056 0.000 -0.004
ttt_random_ammo	1058.983276 -288.143494 0.451701	-1.505 -0.034 1.830
ttt_random_ammo	1063.111816 -264.676941 0.385886	-0.214 -0.001 0.202
ttt_random_ammo	917.999634 -276.137238 0.395639	-0.414 -0.003 0.448
ttt_random_ammo	920.922119 -248.181000 0.361539	0.067 0.000 0.012
ttt_random_ammo	888.922241 -271.026855 0.406684	-0.832 -0.009 0.958
ttt_random_ammo	888.493652 -241.183899 0.369159	0.091 0.000 0.045
ttt_random_ammo	788.665894 -276.825378 0.352034	-0.053 -0.000 -0.011
ttt_random_ammo	791.694702 -233.431808 0.363500	0.071 0.000 0.018
ttt_random_ammo	761.762756 -268.593781 0.380218	-0.152 -0.001 0.124
ttt_random_ammo	763.717102 -235.667892 0.377832	0.151 0.001 0.122
ttt_random_ammo	697.463318 528.214355 176.439484	-1.667 -0.034 2.010
ttt_random_ammo	698.382385 507.398773 176.351990	-0.052 -0.000 -0.011
ttt_random_ammo	698.382324 480.576721 176.401886	-0.615 -0.005 0.695
ttt_random_ammo	696.555054 456.437347 176.328552	-0.046 -0.000 -0.030
ttt_random_ammo	698.720093 435.336914 176.368591	-0.082 -0.000 0.035
ttt_random_ammo	593.167419 609.629211 194.793762	0.511 0.004 0.572
ttt_random_ammo	580.782166 628.960754 194.726929	0.043 0.000 -0.032
ttt_random_ammo	435.165466 436.807068 194.354080	0.053 0.000 -0.003
ttt_random_ammo	465.254700 442.874390 194.329163	0.043 0.000 -0.028
ttt_random_ammo	430.295044 515.320984 194.368103	0.093 0.000 0.053
ttt_random_ammo	463.852875 507.358765 194.368118	0.092 0.000 0.052
weapon_zm_rifle	842.017029 989.109009 340.947998	-75.620 49.952 69.455
weapon_zm_rifle	782.000000 610.000000 212.000000	0.000 315.000 75.000
weapon_zm_rifle	842.000000 794.000000 372.000000	0.000 345.000 90.000
weapon_zm_rifle	500.022003 877.861023 270.889008	4.036 85.894 64.912
weapon_zm_rifle	464.000000 421.294006 331.169006	-27.145 231.445 100.925
weapon_zm_rifle	-341.291992 -584.161987 228.397003	-67.528 26.994 63.396
weapon_zm_rifle	2000.000000 356.000000 38.000000	0.000 315.000 -90.000
weapon_zm_rifle	441.649994 1264.000000 36.511902	1.000 350.500 -90.000
weapon_zm_rifle	1190.199951 -299.010010 307.364990	0.261 297.977 -89.128
weapon_zm_rifle	-341.291992 -572.633972 228.397003	-67.528 26.994 63.396
weapon_zm_rifle	-94.750397 256.000000 13.637000	-70.000 0.000 89.000
weapon_zm_rifle	-93.995003 240.000000 16.000000	-70.000 0.000 105.500
weapon_ttt_glock	-356.000000 -269.000000 263.338989	0.000 345.000 -90.000
weapon_ttt_glock	59.489399 -220.554001 19.583099	0.732 23.061 88.723
weapon_ttt_glock	66.924599 -221.623001 19.583099	0.732 197.561 88.723
weapon_ttt_glock	958.018982 884.392029 209.328995	-0.499 25.979 90.785
weapon_ttt_glock	953.672974 878.635986 209.330002	-0.530 9.077 90.833
weapon_ttt_glock	787.234009 602.695007 210.897995	-0.556 42.911 91.196
weapon_ttt_glock	-430.300995 260.423004 273.598999	0.038 9.634 89.739
weapon_ttt_glock	-426.838989 268.210999 273.733002	-0.344 25.540 90.937
weapon_ttt_glock	1746.260010 1330.810059 49.933701	-0.627 275.697 90.985
weapon_ttt_glock	1756.910034 1318.579956 49.935398	-0.767 25.728 91.205
weapon_ttt_glock	1695.849976 -520.458008 47.108002	-0.655 -126.924 91.030
weapon_ttt_glock	1660.650024 -493.563995 47.106499	-0.526 57.077 90.826
weapon_ttt_glock	807.408997 -721.497986 25.437099	0.592 124.768 -89.367
weapon_ttt_glock	851.359009 1006.650024 356.424988	-0.811 47.462 -90.535
weapon_ttt_glock	859.135986 992.171997 356.518005	-0.810 15.808 91.110
item_ammo_revolver_ttt	755.822021 1005.929993 71.848999	0.000 269.000 0.000
item_ammo_revolver_ttt	971.223999 669.869019 216.503006	0.000 255.000 0.000
item_ammo_revolver_ttt	973.432007 676.304016 216.503006	0.000 259.500 0.000
item_ammo_revolver_ttt	870.000000 794.000000 368.276001	0.000 240.000 0.000
item_ammo_revolver_ttt	835.000000 773.000000 368.276001	0.000 289.000 0.000
item_ammo_revolver_ttt	892.000000 870.000000 207.507004	0.000 87.000 0.000
item_ammo_revolver_ttt	907.000000 876.000000 207.507004	0.000 297.000 0.000
item_ammo_revolver_ttt	922.000000 877.000000 207.507004	0.000 141.000 0.000
item_ammo_revolver_ttt	707.000000 -781.000000 52.833000	0.000 76.000 0.000
item_ammo_revolver_ttt	721.000000 -788.000000 52.833000	0.000 304.000 0.000
item_ammo_revolver_ttt	702.000000 -767.000000 52.833000	0.000 268.000 0.000
item_ammo_revolver_ttt	696.000000 405.000000 72.134003	0.000 101.000 0.000
item_ammo_revolver_ttt	683.000000 403.000000 72.134102	0.000 139.000 0.000
item_ammo_revolver_ttt	671.000000 403.000000 72.134003	0.000 57.000 0.000
item_ammo_revolver_ttt	624.000000 618.000000 32.275799	0.000 135.000 0.000
item_ammo_revolver_ttt	612.000000 618.000000 32.275799	0.000 280.000 0.000
item_ammo_revolver_ttt	-310.000000 -592.000000 240.276001	0.000 10.000 0.000
item_ammo_revolver_ttt	-320.000000 -594.000000 240.276001	0.000 260.000 0.000
item_ammo_revolver_ttt	-320.000000 -582.000000 240.276001	0.000 60.000 0.000
item_ammo_revolver_ttt	1776.439941 1318.780029 37.029301	0.000 45.000 0.000
item_ammo_revolver_ttt	1780.969971 1324.560059 37.029301	0.000 29.000 0.000
item_ammo_revolver_ttt	-657.013977 686.000000 0.241252	0.000 96.000 0.000
item_ammo_revolver_ttt	-655.000000 676.000000 0.275806	0.000 122.000 0.000
item_ammo_revolver_ttt	-668.013977 679.000000 -0.301553	0.000 177.000 0.000
item_ammo_revolver_ttt	-662.013977 667.000000 -0.010152	0.000 37.000 0.000
item_ammo_revolver_ttt	1291.000000 -630.000000 0.275810	0.000 98.000 0.000
item_ammo_revolver_ttt	1291.000000 -621.000000 0.275810	0.000 255.000 0.000
item_ammo_revolver_ttt	1292.000000 -612.000000 0.275810	0.000 260.000 0.000
item_ammo_revolver_ttt	1292.000000 -602.000000 0.275810	0.000 99.000 0.000
item_ammo_revolver_ttt	1592.000000 1718.000000 0.275810	0.000 44.000 0.000
item_ammo_revolver_ttt	1594.000000 1705.000000 0.275810	0.000 102.000 0.000
item_ammo_revolver_ttt	1596.000000 1693.000000 0.275802	0.000 193.000 0.000
item_ammo_revolver_ttt	472.000000 1272.000000 32.275799	0.000 230.000 0.000
item_ammo_revolver_ttt	488.000000 1272.000000 32.275799	0.000 77.000 0.000
item_ammo_revolver_ttt	934.905029 1129.069946 130.686996	0.000 262.500 0.000
item_ammo_revolver_ttt	934.905029 1120.000000 130.686996	0.000 97.000 0.000
item_ammo_revolver_ttt	934.905029 1111.780029 130.686996	0.000 178.000 0.000
item_ammo_revolver_ttt	934.905029 1100.369995 130.686996	0.000 150.000 0.000
item_ammo_revolver_ttt	1216.000000 -288.000000 272.276001	0.000 60.000 0.000
item_ammo_revolver_ttt	1216.000000 -272.000000 272.276001	0.000 318.000 0.000
item_ammo_revolver_ttt	1224.000000 -280.000000 272.276001	0.000 145.000 0.000
item_ammo_revolver_ttt	1232.000000 -272.000000 272.276001	0.000 211.000 0.000
item_ammo_revolver_ttt	1230.900024 -292.109009 272.276001	0.000 155.000 0.000
item_ammo_revolver_ttt	13.802700 -165.085007 18.141899	0.782 78.055 0.083
item_ammo_revolver_ttt	16.018200 -184.009003 18.094000	0.557 299.276 -0.006
item_ammo_revolver_ttt	9.743610 -192.843002 18.136999	0.315 43.687 0.057
item_ammo_revolver_ttt	24.018999 -191.994995 18.158199	0.286 308.207 -0.271
item_ammo_revolver_ttt	10.825900 -175.237000 18.146299	0.552 281.277 0.002
item_ammo_revolver_ttt	-0.079969 -167.996994 18.160900	0.235 178.464 0.051
item_ammo_revolver_ttt	490.696991 25.127100 16.294800	0.000 168.000 0.000
item_ammo_revolver_ttt	304.000000 -296.000000 319.878998	0.000 355.000 0.000
item_ammo_revolver_ttt	312.000000 -304.000000 319.878998	0.000 286.000 0.000
item_ammo_revolver_ttt	304.000000 -312.000000 319.878998	0.000 129.000 0.000
item_ammo_revolver_ttt	312.346008 -317.869995 319.878998	0.000 226.000 0.000
item_ammo_revolver_ttt	296.000000 -304.000000 319.878998	0.000 244.000 0.000
item_ammo_revolver_ttt	1192.000000 1464.000000 32.275799	0.000 241.000 0.000
item_ammo_revolver_ttt	1204.099976 1464.000000 32.275799	0.000 6.000 0.000
item_ammo_revolver_ttt	1214.609985 1464.000000 32.275799	0.000 95.000 0.000
item_ammo_revolver_ttt	1226.260010 1464.000000 32.275799	0.000 21.000 0.000
item_ammo_revolver_ttt	786.427002 511.277008 71.848999	0.000 85.000 0.000
item_ammo_revolver_ttt	786.807983 519.812988 71.848999	0.000 263.000 0.000
item_ammo_revolver_ttt	786.570984 530.250000 71.848999	0.000 18.000 0.000
item_ammo_revolver_ttt	786.807983 509.015991 104.098000	0.000 352.500 0.000
item_ammo_revolver_ttt	786.427002 499.730988 104.098000	0.000 85.000 0.000
item_ammo_revolver_ttt	755.283997 1008.159973 104.098000	0.000 176.500 0.000
item_ammo_revolver_ttt	755.017029 1017.450012 104.098000	0.000 269.000 0.000
item_ammo_revolver_ttt	757.002014 986.997009 71.848999	0.000 202.000 0.000
item_ammo_revolver_ttt	756.036987 997.392029 71.848999	0.000 87.000 0.000
weapon_zm_pistol	73.983902 -219.996994 18.267300	0.732 121.561 88.723
weapon_zm_pistol	995.297974 888.458008 208.873001	0.163 181.956 -89.619
weapon_zm_pistol	985.474976 881.931030 208.875000	0.225 18.972 -89.584
weapon_zm_pistol	792.000000 1020.000000 72.000000	0.000 52.000 -75.000
weapon_zm_pistol	1482.000000 1580.000000 53.020401	0.000 120.000 -90.000
weapon_zm_pistol	502.515015 1277.609985 33.336399	-10.000 240.000 -90.000
weapon_zm_pistol	458.398987 15.043900 16.294901	0.000 81.000 -90.000
weapon_zm_pistol	456.316010 21.311600 16.294901	0.000 248.500 -90.000
weapon_zm_pistol	74.413002 -214.132004 18.267300	0.732 301.561 88.723
weapon_zm_pistol	-85.318298 461.751007 18.576799	0.326 28.968 88.328
weapon_zm_pistol	-71.683403 446.033997 18.448799	0.102 325.860 -89.688
weapon_zm_pistol	556.101990 -426.346008 49.806801	0.137 323.989 -89.697
weapon_zm_pistol	585.411987 -452.087006 49.839401	0.104 266.549 -89.721
item_ammo_pistol_ttt	753.443970 983.762024 36.782101	0.000 270.000 0.000
item_ammo_pistol_ttt	752.887024 991.726013 36.782101	0.000 278.000 0.000
item_ammo_pistol_ttt	753.088989 998.333008 36.782101	0.000 273.000 0.000
item_ammo_pistol_ttt	858.002991 998.424011 341.761993	89.509 17.475 -102.348
item_ammo_pistol_ttt	-488.000000 257.000000 208.279999	0.000 0.000 0.000
item_ammo_pistol_ttt	-503.000000 258.000000 208.279999	0.000 162.000 0.000
item_ammo_pistol_ttt	-516.000000 254.000000 208.279999	0.000 18.000 0.000
item_ammo_pistol_ttt	-530.000000 254.000000 208.279999	0.000 28.000 0.000
item_ammo_pistol_ttt	502.000000 955.000000 176.279999	0.000 350.000 0.000
item_ammo_pistol_ttt	513.000000 955.000000 176.279999	0.000 161.000 0.000
item_ammo_pistol_ttt	526.000000 952.000000 176.279999	0.000 338.000 0.000
item_ammo_pistol_ttt	503.000000 934.000000 176.279999	0.000 8.000 0.000
item_ammo_pistol_ttt	521.000000 933.000000 176.279999	0.000 259.000 0.000
item_ammo_pistol_ttt	892.000000 855.000000 207.507004	0.000 9.000 0.000
item_ammo_pistol_ttt	904.000000 859.000000 207.507004	0.000 166.000 0.000
item_ammo_pistol_ttt	919.000000 860.000000 207.507004	0.000 317.000 0.000
item_ammo_pistol_ttt	652.000000 765.000000 32.280102	0.000 265.000 0.000
item_ammo_pistol_ttt	650.000000 750.000000 32.280102	0.000 148.000 0.000
item_ammo_pistol_ttt	98.000000 -210.000000 -7.719860	0.000 12.000 0.000
item_ammo_pistol_ttt	104.000000 -202.000000 -7.719860	0.000 207.000 0.000
item_ammo_pistol_ttt	-332.000000 -668.000000 0.344724	0.000 173.000 0.000
item_ammo_pistol_ttt	-321.007996 -666.000000 0.344724	0.000 169.000 0.000
item_ammo_pistol_ttt	-322.000000 -606.000000 208.279999	0.000 98.000 0.000
item_ammo_pistol_ttt	-318.000000 -618.000000 208.279999	0.000 260.000 0.000
item_ammo_pistol_ttt	-312.000000 -668.000000 0.344724	0.000 173.000 0.000
item_ammo_pistol_ttt	295.000000 -356.000000 272.279999	0.000 182.000 0.000
item_ammo_pistol_ttt	306.000000 -354.000000 272.279999	0.000 153.000 0.000
item_ammo_pistol_ttt	319.000000 -354.000000 272.279999	0.000 329.000 0.000
item_ammo_pistol_ttt	332.000000 -355.000000 272.279999	0.000 356.000 0.000
item_ammo_pistol_ttt	-295.000000 -247.000000 208.279999	0.000 288.000 0.000
item_ammo_pistol_ttt	-291.000000 -259.000000 208.279999	0.000 127.000 0.000
item_ammo_pistol_ttt	478.000000 -465.000000 13.025900	0.000 176.000 0.000
item_ammo_pistol_ttt	492.000000 -467.000000 13.026000	0.000 37.000 0.000
item_ammo_pistol_ttt	490.000000 -483.000000 13.026000	0.000 244.000 0.000
item_ammo_pistol_ttt	508.000000 -496.000000 13.025900	0.000 87.000 0.000
item_ammo_pistol_ttt	506.000000 -483.000000 13.025900	0.000 226.000 0.000
item_ammo_pistol_ttt	1910.000000 785.000000 0.280148	0.000 108.000 0.000
item_ammo_pistol_ttt	1909.000000 799.000000 0.280140	0.000 267.000 0.000
item_ammo_pistol_ttt	1459.000000 1618.000000 0.280144	0.000 302.000 0.000
item_ammo_pistol_ttt	1461.000000 1632.000000 0.280140	0.000 281.000 0.000
item_ammo_pistol_ttt	1452.000000 1647.000000 0.280140	0.000 318.000 0.000
item_ammo_pistol_ttt	1454.000000 1667.000000 0.280144	0.000 359.000 0.000
item_ammo_pistol_ttt	1463.000000 1683.000000 0.280136	0.000 88.000 0.000
item_ammo_pistol_ttt	1467.000000 1668.000000 0.280140	0.000 299.000 0.000
item_ammo_pistol_ttt	1469.000000 1650.000000 0.280144	0.000 153.000 0.000
item_ammo_pistol_ttt	1136.000000 1248.000000 0.280140	0.000 84.000 0.000
item_ammo_pistol_ttt	1136.000000 1232.000000 0.280148	0.000 39.000 0.000
item_ammo_pistol_ttt	1136.000000 1216.000000 0.280140	0.000 273.000 0.000
item_ammo_pistol_ttt	1136.000000 1200.000000 0.280148	0.000 123.000 0.000
item_ammo_pistol_ttt	1120.000000 1232.000000 0.280140	0.000 34.000 0.000
item_ammo_pistol_ttt	1112.000000 1248.000000 0.280148	0.000 106.000 0.000
item_ammo_pistol_ttt	857.966980 998.406982 325.497009	89.452 -45.067 195.611
item_ammo_pistol_ttt	556.526001 4.853440 -7.719860	0.000 340.500 0.000
item_ammo_pistol_ttt	567.077026 5.450140 -7.719860	0.000 349.500 0.000
item_ammo_pistol_ttt	575.648010 1.134610 -7.719860	0.000 340.500 0.000
item_ammo_pistol_ttt	1712.000000 -536.000000 0.280140	0.000 210.000 0.000
item_ammo_pistol_ttt	1720.000000 -560.000000 0.280132	0.000 98.000 0.000
item_ammo_pistol_ttt	1696.000000 -544.000000 0.280140	0.000 330.000 0.000
item_ammo_pistol_ttt	1704.000000 -560.000000 0.280140	0.000 350.000 0.000
item_ammo_pistol_ttt	1720.000000 -576.000000 0.280140	0.000 167.000 0.000
item_ammo_pistol_ttt	990.088013 498.752014 176.279999	0.000 248.000 0.000
item_ammo_pistol_ttt	974.088013 506.752014 176.279999	0.000 149.000 0.000
item_ammo_pistol_ttt	998.088013 514.752014 176.279999	0.000 153.000 0.000
item_ammo_pistol_ttt	857.687012 998.229980 333.773010	89.321 101.353 -18.189
item_ammo_pistol_ttt	288.614990 -436.644012 0.280140	0.000 191.000 0.000
item_ammo_pistol_ttt	304.000000 -480.000000 0.280148	0.000 112.000 0.000
item_ammo_pistol_ttt	289.123993 -462.842010 0.280140	0.000 172.500 0.000
item_ammo_pistol_ttt	1909.000000 1455.949951 0.280140	0.000 82.000 0.000
item_ammo_pistol_ttt	1907.000000 1443.880005 0.280132	0.000 100.000 0.000
item_ammo_pistol_ttt	1887.000000 1454.000000 0.280140	0.000 274.000 0.000
item_ammo_pistol_ttt	1891.000000 1438.000000 0.280140	0.000 197.000 0.000
item_ammo_pistol_ttt	1075.650024 -345.855988 8.280140	0.000 64.000 0.000
item_ammo_pistol_ttt	1074.650024 -363.468994 8.280140	0.000 196.000 0.000
item_ammo_pistol_ttt	1098.000000 -344.000000 8.280140	0.000 261.000 0.000
item_ammo_pistol_ttt	1096.000000 -360.000000 8.280140	0.000 284.000 0.000
item_ammo_pistol_ttt	833.000000 -406.000000 8.280140	0.000 111.000 0.000
item_ammo_pistol_ttt	852.000000 -403.000000 8.280140	0.000 190.000 0.000
item_ammo_pistol_ttt	840.000000 -422.000000 8.280130	0.000 14.000 0.000
item_ammo_pistol_ttt	855.000000 -424.000000 8.280140	0.000 153.000 0.000
item_ammo_pistol_ttt	789.684021 518.669006 36.782101	0.000 89.000 0.000
item_ammo_pistol_ttt	790.346008 525.245972 36.782101	0.000 94.000 0.000
item_ammo_pistol_ttt	790.346008 533.229004 36.782101	0.000 86.000 0.000
weapon_ttt_m16	57.625099 -204.561996 18.249001	2.184 28.516 85.384
weapon_ttt_m16	572.000000 732.000000 68.000000	4.359 323.415 -89.286
weapon_ttt_m16	-296.000000 -660.000000 4.880000	0.000 195.000 90.000
weapon_ttt_m16	350.858002 -309.526001 323.292999	0.000 24.000 -90.000
weapon_ttt_m16	336.549011 -322.324005 323.292999	0.000 215.500 -90.000
weapon_ttt_m16	-451.000000 254.000000 276.880005	9.000 0.000 -90.000
weapon_ttt_m16	1474.000000 1582.000000 53.020401	0.000 324.000 -90.000
weapon_ttt_m16	884.304016 352.000000 51.289398	0.000 346.500 -90.000
weapon_ttt_m16	538.346985 9.267170 16.905399	2.055 -37.301 84.876
weapon_ttt_m16	315.316986 -403.791992 20.810499	-75.500 0.000 90.000
weapon_ttt_m16	298.567993 -463.306000 28.198299	1.893 288.711 -90.790
weapon_ttt_m16	304.407013 -440.321991 27.451099	2.473 102.091 84.926
weapon_ttt_confgrenade	-88.000000 456.000000 16.294800	0.000 0.000 0.000
weapon_ttt_confgrenade	-96.000000 456.000000 16.294800	0.000 0.000 0.000
weapon_ttt_confgrenade	303.108002 -429.688995 24.830200	0.000 13.000 0.000
weapon_ttt_confgrenade	296.000000 -435.174988 24.830200	0.000 8.000 0.000
weapon_ttt_confgrenade	1510.500000 1721.000000 0.851572	0.000 128.000 0.000
weapon_ttt_confgrenade	1517.500000 1722.000000 0.851572	0.000 339.000 0.000
weapon_ttt_confgrenade	1515.000000 1716.500000 0.851572	0.000 67.000 0.000
weapon_ttt_confgrenade	1524.000000 1716.500000 0.851572	0.000 351.000 0.000
weapon_ttt_confgrenade	-315.000000 -218.500000 328.851990	0.000 238.000 0.000
weapon_ttt_confgrenade	-323.500000 -210.500000 328.851990	0.000 343.000 0.000
weapon_ttt_confgrenade	299.000000 -323.000000 319.878998	0.000 7.000 0.000
weapon_ttt_confgrenade	311.000000 -327.000000 319.878998	0.000 274.000 0.000
weapon_ttt_confgrenade	302.000000 -330.000000 319.878998	0.000 339.000 0.000
weapon_ttt_confgrenade	906.000000 1275.000000 32.851601	0.000 64.000 0.000
weapon_ttt_confgrenade	918.000000 1274.000000 32.851601	0.000 292.000 0.000
weapon_ttt_confgrenade	928.000000 1274.000000 32.851601	0.000 169.000 0.000
weapon_zm_shotgun	912.000000 944.000000 72.000000	0.000 330.000 -90.000
weapon_zm_shotgun	767.000000 647.000000 323.460999	0.000 40.000 0.000
weapon_zm_shotgun	514.161011 927.823975 272.895996	-0.510 254.446 85.844
weapon_zm_shotgun	410.000000 -454.000000 48.117298	-6.058 63.513 59.814
weapon_zm_shotgun	572.000000 712.000000 68.000000	4.359 308.415 -89.286
weapon_zm_shotgun	-80.012497 448.023010 20.000000	-5.588 37.280 -89.661
weapon_zm_shotgun	-72.000000 464.000000 20.000000	-5.588 217.280 -89.661
weapon_zm_shotgun	-357.717987 -259.872009 264.908997	0.000 30.000 -90.000
weapon_zm_shotgun	794.528992 1276.959961 35.461399	0.000 195.000 -90.000
weapon_zm_shotgun	919.338013 1069.130005 71.252296	0.000 238.449 90.000
weapon_zm_shotgun	468.575989 21.119200 16.294800	0.000 186.500 90.000
weapon_zm_shotgun	664.000000 48.000000 8.159900	-67.976 160.807 86.875
weapon_zm_shotgun	1384.000000 1448.079956 15.795200	-76.542 94.287 90.331
weapon_zm_shotgun	772.382019 -699.471985 20.017900	0.032 303.215 82.821
weapon_zm_shotgun	1727.890015 872.375000 51.001598	-0.476 159.703 -82.875
weapon_zm_sledge	959.705994 426.079987 223.350006	18.839 58.608 4.345
weapon_zm_sledge	572.000000 680.000000 179.981003	0.000 211.000 0.000
weapon_zm_sledge	1148.000000 -718.000000 3.981200	4.829 256.297 -74.945
weapon_zm_sledge	-680.638000 247.419998 49.631599	15.914 41.583 1.923
weapon_zm_sledge	-180.238007 1244.000000 26.868099	0.000 118.000 0.000
weapon_zm_revolver	49.000000 -180.000000 41.000000	0.000 337.500 -90.000
weapon_zm_revolver	83.792999 -219.459000 18.242201	3.013 134.055 84.213
weapon_zm_revolver	953.437988 670.302002 214.503006	0.000 345.000 -60.000
weapon_zm_revolver	856.000000 788.000000 372.178009	-27.000 150.000 90.000
weapon_zm_revolver	988.263977 865.031006 208.197006	1.737 143.134 -86.253
weapon_zm_revolver	973.127014 866.331970 208.197006	1.737 345.634 -86.253
weapon_zm_revolver	728.000000 -762.000000 52.833000	0.000 224.000 0.000
weapon_zm_revolver	676.000000 418.000000 74.000000	-8.222 326.896 59.641
weapon_zm_revolver	614.880005 608.000000 70.759819	0.400 318.902 89.930
weapon_zm_revolver	429.608002 495.010986 327.962006	-3.257 302.475 74.613
weapon_zm_revolver	-324.000000 -587.130005 243.210007	0.425 114.158 -74.826
weapon_zm_revolver	966.635010 739.237000 271.191010	2.365 256.492 -85.104
weapon_zm_revolver	1782.520020 1336.540039 38.000000	0.000 259.000 -90.000
weapon_zm_revolver	1147.000000 -751.000000 4.000000	0.000 315.000 -90.000
weapon_zm_revolver	775.596008 1266.609985 34.844398	0.000 24.000 -90.000
weapon_zm_revolver	913.702026 1061.689941 71.252296	0.000 49.500 90.000
weapon_zm_revolver	927.468994 1066.959961 71.252296	0.000 225.449 90.000
weapon_zm_revolver	776.427002 1024.810059 211.098999	2.056 23.468 -85.488
weapon_zm_revolver	1391.719971 1462.199951 33.661098	1.682 338.708 -86.348
weapon_zm_revolver	1379.069946 1468.869995 32.970501	1.879 199.760 -86.006
weapon_zm_mac10	990.000000 788.000000 70.000000	0.000 302.000 -90.000
weapon_zm_mac10	714.000000 -749.000000 52.833000	0.000 290.000 0.000
weapon_zm_mac10	553.000000 893.000000 54.746700	-6.199 160.005 89.955
weapon_zm_mac10	554.537231 880.574402 55.658131	-0.269 178.392 74.980
weapon_zm_mac10	1761.160034 1332.250000 56.686298	0.000 33.000 -90.000
weapon_zm_mac10	-808.000000 579.000000 51.841499	0.000 320.500 87.500
weapon_zm_mac10	2000.000000 341.411987 38.287498	0.000 315.000 -105.000
weapon_zm_mac10	908.825989 1114.150024 70.538803	0.000 28.500 90.000
weapon_zm_mac10	1192.479980 -301.575012 304.838989	-0.007 287.028 86.617
weapon_zm_mac10	775.697998 1039.150024 212.255005	-0.039 328.117 -87.426
weapon_zm_mac10	831.138977 1039.239990 355.890991	-0.698 252.903 -87.761
weapon_zm_mac10	844.010010 1030.319946 355.917999	-0.971 322.820 -88.081
weapon_zm_mac10	838.991028 1016.559998 355.880005	-0.969 356.175 -87.784
