# Trouble in Terrorist Town weapon/ammo placement overrides
# For map: ttt_yucatan
# Exported by: amber
setting:	replacespawns 1
ttt_random_weapon	2834.626709 357.454346 -273.824646	1.015 -10.570 -95.984	auto_ammo 2
ttt_random_weapon	2832.077393 250.137878 -272.325653	1.672 -13.390 -96.644	auto_ammo 2
ttt_random_weapon	2817.075684 -214.201202 -284.339600	2.668 -8.657 -61.699	auto_ammo 2
ttt_random_weapon	2817.114746 -309.553345 -277.063171	0.351 -9.421 -63.890	auto_ammo 2
ttt_random_weapon	2303.741455 230.140182 -285.249817	10.305 -13.646 -98.400	auto_ammo 2
ttt_random_weapon	2423.095215 451.022949 -283.236298	11.970 -9.863 -97.252	auto_ammo 2
ttt_random_weapon	2775.096924 409.022186 -283.348572	2.210 -12.099 -95.085	auto_ammo 2
ttt_random_weapon	1664.237915 -302.442169 -215.001877	12.977 -4.569 -57.877	auto_ammo 2
ttt_random_weapon	1624.064087 319.464020 -216.534332	13.200 -12.074 -97.476	auto_ammo 2
ttt_random_weapon	1727.915894 332.845581 -221.776443	10.422 -9.954 -72.063	auto_ammo 2
ttt_random_weapon	1675.149170 329.203949 -219.863022	9.864 -10.120 -97.390	auto_ammo 2
ttt_random_weapon	1166.608521 727.240723 -530.905396	7.237 -11.144 -96.546	auto_ammo 2
ttt_random_weapon	682.795715 713.206238 -522.283691	-3.230 -12.434 -63.446	auto_ammo 2
ttt_random_weapon	279.902435 727.402588 -537.326965	6.949 -13.790 -96.714	auto_ammo 2
ttt_random_weapon	-201.071304 688.378601 -534.873718	7.827 -10.760 -98.337	auto_ammo 2
ttt_random_weapon	-352.727142 523.350525 -530.374878	-0.145 -8.813 -57.453	auto_ammo 2
ttt_random_weapon	-368.806732 246.736755 -521.493958	15.996 -14.036 -57.027	auto_ammo 2
ttt_random_weapon	-397.416626 -121.187416 -536.497131	3.374 -3.281 -59.509	auto_ammo 2
ttt_random_weapon	-425.098602 -440.947388 -518.601013	3.087 -11.099 -103.770	auto_ammo 2
ttt_random_weapon	-433.876617 -802.641785 -534.066956	7.581 -11.151 -100.357	auto_ammo 2
ttt_random_weapon	-389.250305 -1100.031738 -531.056641	7.864 -5.113 -33.424	auto_ammo 2
ttt_random_weapon	-537.010803 -373.457825 -218.797195	6.119 -16.735 -94.882	auto_ammo 2
ttt_random_weapon	-222.073013 -373.818451 -221.867325	2.235 -1.335 -4.797	auto_ammo 2
ttt_random_weapon	412.540375 -316.690582 -154.871002	9.214 -12.643 -98.314	auto_ammo 2
ttt_random_weapon	421.073425 -420.935669 -215.686310	4.230 8.517 -100.443	auto_ammo 2
ttt_random_weapon	460.931183 -464.569122 -156.119659	7.446 -5.046 -60.248	auto_ammo 2
ttt_random_weapon	464.623413 -325.173279 -90.868423	9.128 -12.990 -98.300	auto_ammo 2
ttt_random_weapon	446.617554 -555.063782 -216.364853	5.582 -3.799 -27.008	auto_ammo 2
ttt_random_weapon	123.459381 -277.127258 -214.997192	13.181 -20.432 -96.007	auto_ammo 2
ttt_random_weapon	-1730.979980 -576.994629 -204.118927	7.410 -5.045 -60.245	auto_ammo 2
ttt_random_weapon	-1744.016968 -593.889893 -204.118347	7.380 -5.044 -60.242	auto_ammo 2
ttt_random_weapon	-1741.778931 -549.022888 -204.120407	7.496 -5.051 -60.258	auto_ammo 2
ttt_random_weapon	-2017.511963 -333.166138 -204.118698	7.397 -5.044 -60.243	auto_ammo 2
ttt_random_weapon	-2024.312134 -67.802025 -204.119598	7.443 -5.045 -60.248	auto_ammo 2
ttt_random_weapon	-2018.295044 174.344772 -204.119843	7.456 -5.047 -60.249	auto_ammo 2
ttt_random_weapon	-1603.992676 157.514099 -200.131226	-7.587 8.840 -99.686	auto_ammo 2
ttt_random_weapon	-1608.489502 87.989105 -200.203201	-4.063 27.142 -107.639	auto_ammo 2
ttt_random_weapon	-1178.430664 415.164917 -188.314316	3.492 -2.576 -40.740	auto_ammo 2
ttt_random_weapon	-1188.724243 350.747803 -188.118942	7.410 -5.045 -60.245	auto_ammo 2
ttt_random_weapon	-1181.036865 851.938232 -187.710129	10.427 -6.227 -69.793	auto_ammo 2
ttt_random_weapon	-1049.733032 861.585999 -187.718033	10.335 -6.599 -69.441	auto_ammo 2
ttt_random_weapon	-1133.688843 255.442932 -188.120102	7.469 -5.048 -60.251	auto_ammo 2
ttt_random_weapon	-1129.029541 218.265503 -188.118011	7.362 -5.044 -60.240	auto_ammo 2
ttt_random_weapon	-1178.333862 312.238068 -188.315933	2.548 -1.385 -36.233	auto_ammo 2
ttt_random_weapon	-1205.332275 846.172729 -188.125244	7.360 -18.340 -60.115	auto_ammo 2
ttt_random_weapon	-1300.540894 857.329773 -188.118652	7.395 -5.044 -60.243	auto_ammo 2
ttt_random_weapon	-1009.077087 856.276001 -186.877380	9.189 -11.608 -97.464	auto_ammo 2
ttt_random_weapon	-979.819763 850.171631 -186.878586	9.229 -11.667 -97.469	auto_ammo 2
ttt_random_weapon	158.130798 630.359375 -188.119553	7.440 -5.045 -60.248	auto_ammo 2
ttt_random_weapon	101.140213 632.453613 -188.117050	7.313 -5.043 -60.235	auto_ammo 2
ttt_random_weapon	130.152100 663.935608 -188.118896	7.407 -5.044 -60.244	auto_ammo 2
ttt_random_weapon	298.952332 617.710876 -188.118942	7.410 -5.045 -60.245	auto_ammo 2
ttt_random_weapon	312.428253 669.901001 -187.924240	9.055 -0.097 -65.721	auto_ammo 2
ttt_random_weapon	268.417175 690.906738 -187.094620	0.476 174.377 124.482	auto_ammo 2
ttt_random_weapon	159.273041 240.770615 -219.302795	12.869 -7.458 -83.080	auto_ammo 2
ttt_random_weapon	205.948257 283.764221 -218.014740	5.152 2.906 1.203	auto_ammo 2
ttt_random_weapon	353.087769 388.054871 -216.970810	17.076 -14.953 -83.823	auto_ammo 2
ttt_random_weapon	279.127045 363.956848 -170.865295	9.095 -12.496 -98.573	auto_ammo 2
ttt_random_weapon	285.021393 422.725494 -154.872086	9.154 -10.922 -97.947	auto_ammo 2
ttt_random_weapon	179.871140 107.389816 -217.861526	11.709 -11.385 -97.992	auto_ammo 2
ttt_random_weapon	1016.144165 95.603546 -220.156418	4.067 -13.379 -100.675	auto_ammo 2
ttt_random_weapon	1087.920044 99.643394 -221.128067	9.250 -11.312 -99.192	auto_ammo 2
ttt_random_weapon	1166.364014 102.772964 -221.507492	8.683 -8.404 -70.391	auto_ammo 2
ttt_random_weapon	173.599213 184.107407 -221.247650	5.931 -14.699 -97.232	auto_ammo 2
ttt_random_weapon	442.427979 -1508.512329 -217.669800	8.729 -9.466 -98.244	auto_ammo 2
ttt_random_weapon	289.480255 -1553.475220 -218.924545	5.269 -14.434 -98.018	auto_ammo 2
ttt_random_weapon	379.358917 -1529.428833 -213.154297	-3.320 -6.169 114.500	auto_ammo 2
ttt_random_weapon	-120.701744 -2408.192383 8.835121	9.394 -3.082 -87.962	auto_ammo 2
ttt_random_weapon	148.968887 -2408.814209 11.664824	2.488 -17.610 -139.070	auto_ammo 2
ttt_random_weapon	-109.949677 -1950.598511 8.638347	2.745 -0.742 -26.959	auto_ammo 2
ttt_random_weapon	116.147736 -1973.961426 11.033761	9.310 -15.758 -99.234	auto_ammo 2
ttt_random_weapon	-120.687935 -2158.944092 9.501705	9.124 -2.669 -99.639	auto_ammo 2
ttt_random_weapon	173.468399 -2159.158691 11.955956	1.705 -13.945 -146.259	auto_ammo 2
ttt_random_weapon	154.968124 -1287.704590 -222.423172	5.075 -20.826 -55.873	auto_ammo 2
ttt_random_weapon	122.157303 -1267.810913 -219.707474	10.432 -7.576 -69.760	auto_ammo 2
ttt_random_weapon	-935.470215 -1535.154541 -220.117401	7.332 -5.043 -60.237	auto_ammo 2
ttt_random_weapon	-983.885864 -1583.937134 -220.120407	7.501 -5.053 -60.260	auto_ammo 2
ttt_random_weapon	-1093.386475 -1033.828491 -220.119308	7.428 -5.045 -60.247	auto_ammo 2
ttt_random_weapon	-1273.757324 -1071.332275 -220.119370	7.431 -5.045 -60.247	auto_ammo 2
ttt_random_weapon	-1609.508423 -1246.255737 -220.119766	7.523 -5.054 -60.281	auto_ammo 2
ttt_random_weapon	-1753.702759 -1245.287720 -220.118790	7.402 -5.044 -60.244	auto_ammo 2
ttt_random_weapon	-1876.963135 -1238.154419 -220.118469	7.386 -5.044 -60.242	auto_ammo 2
ttt_random_weapon	-1842.333984 -1019.807922 -220.119720	7.449 -5.045 -60.249	auto_ammo 2
ttt_random_weapon	-1706.573853 -1017.256104 -220.118652	7.395 -5.044 -60.243	auto_ammo 2
ttt_random_weapon	-2395.509521 -1242.517212 -214.075150	-7.319 -20.448 111.981	auto_ammo 2
ttt_random_weapon	-2513.466553 -1260.690796 -216.696991	-7.680 -23.343 120.274	auto_ammo 2
ttt_random_weapon	-2932.249512 -986.989624 -219.643997	11.190 -7.795 -70.408	auto_ammo 2
ttt_random_weapon	-2810.975342 -1176.998779 -219.102859	9.604 -14.196 -98.147	auto_ammo 2
ttt_random_weapon	-2806.821289 -1086.171387 -219.292084	10.191 -13.246 -103.556	auto_ammo 2
ttt_random_weapon	-2401.507324 -872.402832 -219.086960	7.939 -12.593 -97.375	auto_ammo 2
ttt_random_weapon	-2482.382324 -822.621399 -219.344238	8.585 -11.251 -96.692	auto_ammo 2
ttt_random_weapon	-2476.758057 -646.900757 -218.599609	3.360 -19.119 -96.831	auto_ammo 2
ttt_random_weapon	-2494.072754 -558.153564 -218.156204	9.997 -12.113 -98.745	auto_ammo 2
ttt_random_weapon	-2442.395264 -454.489136 -214.969635	10.557 -15.608 -99.204	auto_ammo 2
ttt_random_weapon	-2566.455322 -414.666443 -219.230988	6.989 -13.788 -102.698	auto_ammo 2
ttt_random_weapon	-2977.825684 -330.467041 -312.172699	13.893 -12.361 -86.110	auto_ammo 2
ttt_random_weapon	-2962.324951 -303.782440 -312.860107	12.069 -11.836 -99.533	auto_ammo 2
ttt_random_weapon	-2529.719482 -309.936218 -316.117676	7.345 -5.043 -60.238	auto_ammo 2
ttt_random_weapon	-2533.828857 -256.934235 -315.773010	9.883 -4.963 -68.015	auto_ammo 2
ttt_random_weapon	-2505.126709 102.752113 -314.113129	1.114 -11.028 -94.571	auto_ammo 2
ttt_random_weapon	-2521.495117 194.161133 -316.371979	2.595 -18.906 -97.033	auto_ammo 2
ttt_random_weapon	-2562.298828 395.521057 -315.582886	8.390 -10.297 -94.992	auto_ammo 2
ttt_random_weapon	-2532.440430 374.215576 -315.523132	7.339 -8.574 -97.499	auto_ammo 2
ttt_random_weapon	-2570.368652 662.284058 -314.865479	6.860 -13.552 -97.508	auto_ammo 2
ttt_random_weapon	-2519.147705 686.542114 -312.624268	-1.292 -18.049 -94.511	auto_ammo 2
ttt_random_weapon	-2522.975586 639.554199 -314.075531	-1.029 -12.797 -59.672	auto_ammo 2
ttt_random_weapon	-2312.623291 1182.272461 -316.118439	7.384 -5.044 -60.242	auto_ammo 2
ttt_random_weapon	-2287.225586 1206.987793 -316.117706	7.347 -5.043 -60.238	auto_ammo 2
ttt_random_weapon	-2320.018066 815.423645 -314.866791	9.096 -10.725 -98.384	auto_ammo 2
ttt_random_weapon	-2292.461182 838.208008 -314.870514	9.094 -11.287 -97.914	auto_ammo 2
ttt_random_weapon	-2269.698975 746.169617 -314.872162	9.094 -11.256 -97.721	auto_ammo 2
ttt_random_weapon	-2096.189453 1183.147095 -213.058319	14.566 -9.577 -56.801	auto_ammo 2
ttt_random_weapon	-2009.869629 1175.319580 -219.519577	-5.105 15.474 103.553	auto_ammo 2
ttt_random_weapon	-2120.311768 1256.700439 -154.869354	9.122 -12.969 -98.160	auto_ammo 2
ttt_random_weapon	-2056.203125 1262.996094 -154.869873	9.120 -12.957 -98.087	auto_ammo 2
ttt_random_weapon	-1467.380127 640.692627 -187.180054	10.868 -20.722 -84.788	auto_ammo 2
ttt_random_weapon	-1465.547241 658.063599 -187.049393	-0.193 35.504 125.047	auto_ammo 2
ttt_random_weapon	-1727.733521 1105.691650 -218.216492	0.243 -12.286 -93.593	auto_ammo 2
ttt_random_weapon	-1655.668579 957.097107 -217.376450	5.498 -4.835 -94.525	auto_ammo 2
ttt_random_weapon	-1661.034180 1056.496948 -90.874062	9.191 -10.899 -97.850	auto_ammo 2
ttt_random_weapon	-1112.767334 -86.084557 -218.438751	1.331 -8.108 -29.196	auto_ammo 2
ttt_random_weapon	-1048.797241 -128.360672 -218.108521	3.849 -9.937 -57.138	auto_ammo 2
ttt_random_weapon	-1114.290649 332.700806 -123.917274	-1.872 -15.951 -61.306	auto_ammo 2
ttt_random_weapon	-1114.397095 379.501984 -60.340736	1.685 -5.917 -37.181	auto_ammo 2
ttt_random_weapon	-1562.277832 -580.281128 -203.986633	-1.992 -15.530 -58.979	auto_ammo 2
ttt_random_weapon	-1903.815308 -577.344666 -204.119202	7.423 -5.045 -60.246	auto_ammo 2
ttt_random_weapon	-231.304062 -266.231598 -214.092575	13.487 -10.392 -81.306	auto_ammo 2
ttt_random_weapon	-457.446899 -426.553467 -220.505249	6.809 -11.166 -98.214	auto_ammo 2
ttt_random_weapon	-296.855652 -428.740021 -221.335678	10.853 -17.099 -103.503	auto_ammo 2
ttt_random_weapon	-63.797485 -339.958557 -216.191910	8.036 -12.909 -49.577	auto_ammo 2
ttt_random_weapon	-420.773438 -1177.344238 -533.494019	-2.437 13.476 134.978	auto_ammo 2
ttt_random_weapon	-639.182861 164.829880 -523.733826	9.707 -20.531 115.278	auto_ammo 2
ttt_random_weapon	-384.899933 891.393555 -509.280060	5.031 -14.848 -50.875	auto_ammo 2
ttt_random_weapon	-142.629837 951.471741 -499.001770	24.062 -2.180 -63.409	auto_ammo 2
ttt_random_weapon	-656.744873 815.533997 -525.715393	20.007 -14.500 -70.838	auto_ammo 2
ttt_random_weapon	494.597046 565.087952 -510.481842	7.563 -6.633 -69.192	auto_ammo 2
ttt_random_weapon	1169.907104 885.518555 -521.048218	-6.407 12.418 133.887	auto_ammo 2
ttt_random_weapon	-482.894501 -316.340179 -216.786560	6.018 -5.822 -26.016	auto_ammo 2
ttt_random_weapon	344.855072 -1543.744385 -211.595520	-0.459 -16.722 -131.908	auto_ammo 2
ttt_random_weapon	-757.358032 -1374.751099 -218.740341	8.970 -6.206 -69.102	auto_ammo 2
ttt_random_weapon	-2561.922363 -739.986694 -90.868149	9.096 -11.336 -98.211	auto_ammo 2
ttt_random_weapon	-2372.123535 -957.862854 -90.879417	9.257 -11.169 -97.472	auto_ammo 2
ttt_random_weapon	-2533.930420 365.358368 -316.952118	-0.702 3.421 -10.067	auto_ammo 2
ttt_random_weapon	-2542.577881 -83.135269 -318.568390	7.046 -3.923 -57.383	auto_ammo 2
ttt_random_weapon	-3030.623047 -299.144989 -311.352142	9.584 -13.743 -99.605	auto_ammo 2
ttt_random_weapon	-3028.872314 508.305817 -295.001678	14.990 -9.506 -51.507	auto_ammo 2
ttt_random_weapon	-2880.277344 590.502625 -310.001801	12.172 -12.203 -98.722	auto_ammo 2
ttt_random_weapon	-2709.831055 1054.289795 -312.992401	4.972 -1.068 -30.954	auto_ammo 2
ttt_random_weapon	-2638.567383 1166.887817 -312.944122	14.225 -12.866 -101.123	auto_ammo 2
ttt_random_weapon	-2636.797607 1208.343872 -315.238861	8.228 -2.780 -52.019	auto_ammo 2
ttt_random_weapon	-2285.623047 786.021240 -314.862549	9.093 -11.449 -98.953	auto_ammo 2
ttt_random_weapon	2363.309814 705.758179 -497.372864	-4.284 -17.717 -99.858	auto_ammo 2
ttt_random_weapon	2620.723633 1348.094116 -380.118591	7.541 -5.047 -60.309	auto_ammo 2
ttt_random_weapon	2617.976563 1297.685425 -380.118988	7.412 -5.045 -60.245	auto_ammo 2
ttt_random_weapon	2277.824463 1314.161499 -380.118317	7.378 -5.044 -60.241	auto_ammo 2
ttt_random_weapon	2292.293457 1368.329834 -380.120270	7.480 -5.048 -60.253	auto_ammo 2
item_ammo_smg1_ttt	-1563.924316 249.205109 -63.520027	-0.344 0.079 0.042
item_ammo_smg1_ttt	-1560.445557 486.517059 -63.537193	0.493 0.153 -0.023
item_ammo_smg1_ttt	-1608.546021 1022.775024 -95.525169	-0.314 0.002 0.307
item_box_buckshot_ttt	157.740982 -1342.659302 -219.013626	-0.425 0.085 -0.827
item_box_buckshot_ttt	141.106689 -1342.043213 -219.204514	-0.466 0.076 -0.867
item_box_buckshot_ttt	206.432419 -301.399292 -224.529007	1.766 0.644 1.843
item_box_buckshot_ttt	222.819153 -295.224030 -224.926743	3.769 -0.754 -1.017
item_box_buckshot_ttt	219.060272 -270.933411 -224.984787	3.798 -0.706 -0.676
item_box_buckshot_ttt	-2463.870850 283.105377 -314.007660	-7.625 0.525 0.473
item_box_buckshot_ttt	-2453.290283 281.443634 -312.611877	-7.955 -1.087 0.792
item_ammo_357_ttt	-2217.519775 -797.343323 -209.589325	-0.224 1.368 19.100
item_ammo_357_ttt	-2244.999512 -785.691467 -206.556381	-2.428 0.937 19.004
item_ammo_357_ttt	-178.682724 -1324.784912 -225.650436	4.281 0.358 5.643
item_ammo_357_ttt	-187.878067 -1326.324097 -225.063080	4.432 0.310 5.434
item_ammo_357_ttt	-294.999390 -503.460022 -191.663422	0.451 0.065 0.053
item_ammo_357_ttt	-282.033966 -504.755524 -191.648193	0.454 0.060 0.047
ttt_random_ammo	-2722.977783 1120.503662 -207.640671	0.054 0.000 -0.006
ttt_random_ammo	-2554.044434 495.366943 -191.609406	0.359 -0.002 -0.382
ttt_random_ammo	-2517.265625 263.517059 -207.742218	0.058 -0.448 6.540
ttt_random_ammo	-2522.240723 26.601141 -209.858612	0.444 3.005 -104.960
ttt_random_ammo	-2561.837402 -504.163910 -159.645020	0.045 0.000 -0.022
ttt_random_ammo	-2566.529541 -755.425293 -95.597893	0.751 0.007 0.862
ttt_random_ammo	-2378.034668 -963.494263 -95.556496	-0.823 0.323 1.546
ttt_random_ammo	-1237.382446 -985.984436 -223.640457	0.063 0.000 0.006
ttt_random_ammo	-1188.005981 -989.535828 -223.638458	0.066 0.000 0.011
ttt_random_ammo	-1214.458618 -988.168579 -223.606308	0.819 0.009 0.943
ttt_random_ammo	-938.711792 -992.761475 -223.605255	1.068 0.014 1.247
ttt_random_ammo	-958.906555 -990.059082 -223.682541	0.047 0.000 -0.035
ttt_random_ammo	-932.017334 -1016.379944 -223.655411	0.049 0.000 -0.019
ttt_random_ammo	-899.968506 -1584.587524 -223.613602	0.318 -0.002 -0.330
ttt_random_ammo	-924.500427 -1601.287354 -223.610840	0.410 0.003 0.443
ttt_random_ammo	-942.883362 -1617.857788 -223.617523	0.218 0.001 0.207
ttt_random_ammo	89.467697 -2431.300537 6.004538	-5.902 -0.513 0.225
ttt_random_ammo	51.253040 -2434.520508 6.385339	0.279 0.001 0.282
ttt_random_ammo	-12.453526 -2440.992920 5.886312	-5.232 -0.383 0.132
ttt_random_ammo	-47.080040 -2425.814209 6.391211	0.549 0.004 0.613
ttt_random_ammo	105.729126 -2383.221680 6.363500	0.071 0.000 0.019
ttt_random_ammo	57.608299 -2386.928955 6.387933	0.363 0.002 0.386
ttt_random_ammo	6.925926 -2390.788086 6.372747	0.110 0.000 0.070
ttt_random_ammo	-39.553276 -2374.425537 6.339989	0.047 0.000 -0.023
ttt_random_ammo	-83.958488 -2380.032471 6.202685	7.049 -0.076 0.058
ttt_random_ammo	-55.825504 -2056.045654 6.738669	-0.114 0.682 -80.759
ttt_random_ammo	-50.833603 -1994.213501 6.503115	-0.069 -0.268 14.204
ttt_random_ammo	-70.108032 -1930.774780 7.363508	-79.409 -4.908 1.853
ttt_random_ammo	74.143623 -1940.057861 4.469891	66.558 -4.256 0.545
ttt_random_ammo	45.380760 -2018.508789 6.352509	0.086 0.014 -6.934
ttt_random_ammo	62.875381 -2050.284180 5.395034	0.442 -2.061 11.055
ttt_random_ammo	-685.358643 -1005.806091 -513.516235	20.789 14.905 97.110
ttt_random_ammo	-662.336792 -1043.629395 -522.839233	68.791 175.519 -169.793
ttt_random_ammo	-667.918640 -959.568909 -510.561951	2.795 4.996 9.588
ttt_random_ammo	-57.944439 -205.707352 -530.172852	-8.480 5.035 2.657
ttt_random_ammo	-140.747528 -141.979614 -528.230835	-2.649 -1.279 6.741
ttt_random_ammo	-107.211220 -183.086365 -528.583435	-3.706 -147.126 -90.192
ttt_random_ammo	-116.110718 131.434113 -510.665161	-75.847 -172.384 -143.829
ttt_random_ammo	-106.425026 107.136932 -509.228638	-74.321 174.747 -134.419
ttt_random_ammo	-93.400581 22.146490 -509.721252	-3.426 -1.029 3.855
ttt_random_ammo	-122.514412 159.063065 -510.290405	-71.066 -163.900 148.553
ttt_random_ammo	-376.578979 826.653198 -521.555908	1.339 -22.798 112.046
ttt_random_ammo	-422.752930 843.158691 -525.669006	-6.312 0.414 13.287
ttt_random_ammo	-426.130707 826.441528 -526.539551	-76.040 -89.047 -178.245
ttt_random_ammo	-404.709412 661.928467 -528.400146	0.127 -99.697 90.141
ttt_random_ammo	-384.957825 722.579590 -528.432983	-0.376 -46.647 90.345
ttt_random_ammo	524.296997 524.721558 -506.379425	-6.329 4.108 -96.893
ttt_random_ammo	540.944580 594.772400 -519.731812	0.374 2.145 -99.412
ttt_random_ammo	540.137634 605.245667 -521.328674	2.898 4.305 -99.097
ttt_random_ammo	525.375916 600.754272 -519.335754	5.871 -3.789 -98.535
ttt_random_ammo	571.336914 604.077454 -522.371887	-3.040 3.120 -6.041
ttt_random_ammo	1152.352783 891.697693 -523.516968	0.209 -12.497 95.898
ttt_random_ammo	1165.862549 901.712585 -520.330627	-2.261 -13.787 103.385
ttt_random_ammo	1161.195190 914.891418 -517.498352	-1.704 -5.133 104.339
ttt_random_ammo	1142.409790 888.454529 -523.021851	-83.284 -81.104 68.937
ttt_random_ammo	1104.292725 953.734802 -509.683868	-4.726 -2.596 101.528
ttt_random_ammo	1154.033447 900.351501 -521.953308	-0.195 -13.741 68.835
ttt_random_ammo	1485.840210 826.567932 -514.667969	0.830 4.938 101.257
ttt_random_ammo	1507.706787 852.605225 -510.089264	-0.910 8.493 101.215
ttt_random_ammo	1519.712280 855.090637 -511.953369	0.966 0.920 14.301
ttt_random_ammo	1544.887329 821.975342 -516.859314	-0.136 3.136 100.333
ttt_random_ammo	1412.151367 909.507874 -503.824615	-3.228 -0.762 0.106
ttt_random_ammo	2066.435303 487.555511 -497.216858	-10.995 33.224 -96.885
ttt_random_ammo	2025.814697 531.132324 -506.371124	-4.124 1.162 -5.860
ttt_random_ammo	2021.150513 509.146698 -505.036377	-4.125 1.180 -5.384
ttt_random_ammo	2073.825928 494.291412 -494.573914	-71.331 159.342 177.239
ttt_random_ammo	1998.545532 532.100586 -508.270874	-1.921 1.738 -4.456
ttt_random_ammo	1988.525391 571.956970 -511.025970	-1.987 1.186 -4.114
ttt_random_ammo	1920.009277 482.603699 -508.584412	-0.877 0.750 -4.308
ttt_random_ammo	1938.426758 1290.358032 -527.057129	0.388 86.428 89.615
ttt_random_ammo	1891.648315 1398.825439 -527.004272	0.411 -17.532 88.293
ttt_random_ammo	1918.082275 1284.357178 -527.018311	-0.471 -162.798 90.261
ttt_random_ammo	1904.793579 1417.248535 -526.977600	0.615 107.339 -90.754
ttt_random_ammo	1159.947266 708.387329 -528.094910	3.694 -56.440 -95.272
ttt_random_ammo	770.343506 724.029602 -523.804016	-6.260 2.953 -99.006
ttt_random_ammo	276.720978 714.824097 -528.898499	2.958 63.422 -92.099
ttt_random_ammo	-101.476158 675.319824 -529.315186	1.483 18.050 -84.166
ttt_random_ammo	-411.291840 404.838440 -527.993958	-5.910 -0.794 0.690
ttt_random_ammo	-344.374023 -144.482285 -528.709473	-0.800 126.168 89.054
ttt_random_ammo	-257.664551 -452.454865 -528.406006	4.155 -58.981 -91.104
ttt_random_ammo	-369.812897 -705.052490 -528.210571	2.083 66.358 -99.212
ttt_random_ammo	-473.722443 -917.449707 -528.746704	2.065 -92.181 89.357
ttt_random_ammo	-383.005554 -1008.778748 -528.703735	0.536 23.462 90.605
ttt_random_ammo	-383.284302 -835.468933 -528.641541	-2.310 119.809 -85.372
ttt_random_ammo	-444.551270 -871.827820 -527.763977	0.817 -78.285 -96.733
ttt_random_ammo	-387.317291 -1175.070923 -529.888062	2.325 -8.413 -81.823
ttt_random_ammo	-481.299866 -1246.164673 -528.299866	-1.394 -16.822 90.002
ttt_random_ammo	-541.140747 -1085.061401 -529.058960	6.294 9.493 -84.854
ttt_random_ammo	-543.505371 -986.699768 -528.456482	-4.329 -80.709 86.068
ttt_random_ammo	-443.326141 -1035.069702 -527.200623	-4.236 -35.225 -102.225
ttt_random_ammo	-32.725082 -336.570923 -216.096634	-1.451 2.036 98.942
ttt_random_ammo	-59.363075 -354.835052 -219.608124	-3.421 18.274 97.178
ttt_random_ammo	-93.672424 -298.015503 -217.622772	1.874 1.128 6.447
ttt_random_ammo	-42.878906 -304.318665 -218.292953	-1.292 1.057 -6.606
ttt_random_ammo	-1046.742676 -85.927826 -110.973518	0.056 -0.039 7.132
ttt_random_ammo	-982.825439 -17.828182 -209.758240	-5.903 -1.102 -0.590
ttt_random_ammo	-1042.759644 -26.843210 -214.559708	-5.130 0.184 -2.182
ttt_random_ammo	-1062.493286 -26.263969 -216.373016	-6.347 -0.817 -1.803
ttt_random_ammo	-991.181519 -30.468790 -210.240356	-6.116 0.461 1.409
ttt_random_ammo	-1947.235596 -554.708679 -204.374313	-89.152 32.724 -90.402
ttt_random_ammo	-1953.258057 -537.600098 -205.270966	89.225 142.749 90.944
ttt_random_ammo	-1942.410889 -583.153442 -205.366394	89.262 -30.685 -28.801
ttt_random_ammo	-1958.459229 -527.568542 -205.241684	50.045 -40.685 -26.328
ttt_random_ammo	500.241364 839.437866 -191.638458	0.066 0.000 0.011
ttt_random_ammo	463.512360 867.614380 -191.660019	0.047 0.000 -0.023
ttt_random_ammo	422.840790 869.657166 -191.632690	0.082 0.000 0.034
ttt_random_ammo	457.945587 817.207031 -191.622162	0.150 0.001 0.121
ttt_random_ammo	495.484039 783.833557 -191.662369	0.047 0.000 -0.025
ttt_random_ammo	428.503387 830.391968 -191.682556	0.047 0.000 -0.035
ttt_random_ammo	1382.710815 24.945370 -219.741089	-4.602 0.598 -1.083
ttt_random_ammo	1382.972046 69.451706 -220.352493	-4.713 2.148 -7.669
ttt_random_ammo	1341.032715 36.295551 -222.720367	-3.775 -0.853 -2.237
ttt_random_ammo	1347.419556 66.874252 -223.154358	-4.711 2.194 -7.207
ttt_random_ammo	1306.957397 52.768883 -224.189575	0.019 0.244 -2.646
ttt_random_ammo	1321.297729 84.025772 -225.008224	1.079 -0.298 -2.248
ttt_random_ammo	2948.471436 375.068817 -191.644562	0.057 0.000 -0.003
ttt_random_ammo	2943.994141 323.835297 -191.669647	0.046 0.000 -0.029
ttt_random_ammo	2946.980957 286.206940 -191.638474	0.067 0.000 0.012
ttt_random_ammo	2935.923096 162.441940 -191.629028	0.100 0.000 0.057
ttt_random_ammo	2941.930908 249.106110 -191.622147	0.148 0.001 0.119
ttt_random_ammo	2952.334473 206.443069 -191.627243	0.109 0.000 0.069
ttt_random_ammo	2943.831543 -105.749916 -191.632690	0.083 0.000 0.035
ttt_random_ammo	2946.636475 -179.026596 -191.664749	0.046 0.000 -0.027
ttt_random_ammo	2946.935303 -251.468475 -191.571228	1.454 0.034 1.764
ttt_random_ammo	2946.095703 -326.459930 -191.644562	0.056 0.000 -0.004
ttt_random_ammo	2945.654785 -410.472412 -191.565536	1.328 0.033 1.611
ttt_random_ammo	2251.501221 464.886169 -281.404053	-0.025 0.180 1.414
ttt_random_ammo	2259.430176 424.634247 -282.761139	0.366 0.065 3.949
ttt_random_ammo	2307.416260 463.772430 -282.804688	3.272 -0.455 1.185
ttt_random_ammo	2279.525879 458.560120 -281.793182	2.887 -0.517 1.125
ttt_random_ammo	2292.265869 441.318237 -282.781708	2.207 0.996 3.203
weapon_zm_rifle	-2210.016357 -782.300720 -197.860519	-0.153 -0.416 142.419
weapon_zm_rifle	-170.047791 -1334.571533 -227.248352	3.660 8.463 71.328
weapon_zm_rifle	-326.227234 -499.500397 -192.883224	3.681 12.652 65.600
weapon_ttt_glock	-582.131104 -1279.800049 -190.888397	-0.753 25.838 91.436
weapon_ttt_glock	-725.462280 -507.511200 -190.888123	-0.771 25.828 91.471
weapon_ttt_glock	-2186.366699 1232.951782 -222.917999	-0.537 25.784 90.548
ttt_playerspawn	-2984.653809 -218.632370 -315.568848	6.705 -0.920 -2.692
ttt_playerspawn	-2945.991455 436.431732 -308.363922	9.037 3.445 0.238
ttt_playerspawn	-2748.635742 1000.973999 -313.313995	3.213 -41.036 -3.076
ttt_playerspawn	-2638.451660 1056.275757 -313.010040	3.343 -31.011 -2.465
ttt_playerspawn	-2561.574951 1195.341064 -312.333191	5.570 -22.813 2.528
ttt_playerspawn	-2902.405518 73.511749 -319.840179	5.204 -0.768 -0.343
ttt_playerspawn	-2967.692871 -88.552269 -318.986511	4.284 0.375 3.032
ttt_playerspawn	-1828.563232 -563.510010 -205.860611	-0.331 96.081 -0.233
ttt_playerspawn	-1643.183105 -557.987061 -206.808289	-0.090 93.626 0.090
ttt_playerspawn	-1108.584717 714.295654 -189.581818	-1.020 11.302 0.203
ttt_playerspawn	-964.994751 710.954224 -190.685577	-0.123 3.191 -0.001
ttt_playerspawn	-143.595993 287.285370 -481.074036	6.885 74.381 -6.204
ttt_playerspawn	-417.467072 245.916580 -495.871735	1.305 119.436 1.681
ttt_playerspawn	306.929810 702.577148 -187.652191	-0.028 45.942 0.081
ttt_playerspawn	1050.476440 194.434174 -208.261597	2.129 -4.852 -2.022
ttt_playerspawn	248.976166 120.298386 -214.204803	0.670 1.576 1.467
ttt_playerspawn	2427.025635 1318.384277 -383.412262	0.001 -37.143 0.040
ttt_playerspawn	2313.538086 376.369324 -271.067932	1.986 -51.069 1.981
ttt_playerspawn	2294.331787 56.703060 -280.809814	5.586 3.981 -1.202
ttt_playerspawn	2724.892334 -301.869690 -267.459686	-1.366 145.363 -4.150
ttt_playerspawn	2764.139404 291.694183 -284.890778	7.857 -164.325 -2.641
ttt_playerspawn	1671.313843 72.124573 -213.356415	-0.417 87.890 -3.020
ttt_playerspawn	281.190094 238.088531 -214.397186	-0.021 0.270 2.066
ttt_playerspawn	-1241.372314 722.197327 -189.969940	-0.241 -3.345 -0.003
ttt_playerspawn	-2005.875122 61.903862 -207.476624	-0.075 -0.000 0.075
ttt_playerspawn	-2011.723633 -210.158783 -207.478973	-0.077 -0.000 0.077
ttt_playerspawn	-1840.217163 681.339233 -205.493149	-0.013 29.236 -0.438
ttt_playerspawn	-2968.963623 -887.907288 -223.056519	1.436 0.162 -0.100
ttt_playerspawn	-2650.757568 -1157.661743 -224.853348	0.166 0.059 -0.400
ttt_playerspawn	-2283.631836 -1220.710693 -216.584167	-5.454 -0.166 -8.211
ttt_playerspawn	-1954.469604 -1095.096191 -223.487778	-0.086 -0.000 0.086
ttt_playerspawn	-1475.250000 -1217.896484 -223.481400	-0.080 -0.000 0.080
ttt_playerspawn	-1171.627563 -1046.987671 -223.463959	0.062 0.000 0.062
ttt_playerspawn	-1011.082153 -1057.994995 -223.473251	-0.072 -0.000 0.072
ttt_playerspawn	-1170.598511 -1548.210693 -223.476639	-0.075 -0.000 0.075
ttt_playerspawn	288.487518 -1424.671509 -223.757690	0.155 -0.076 0.600
ttt_playerspawn	-8.440160 -1357.160156 -221.759689	-1.287 1.280 -3.996
ttt_playerspawn	34.513409 -2341.281738 6.489608	-0.554 0.036 -0.064
item_ammo_revolver_ttt	-2130.805176 686.051086 -228.853027	3.529 -0.420 -2.315
item_ammo_revolver_ttt	-2142.031006 683.431458 -228.302307	4.294 0.131 -0.991
item_ammo_revolver_ttt	-2380.649658 -92.574486 -223.655563	0.453 0.062 0.050
item_ammo_revolver_ttt	-2371.065430 -129.717804 -223.685226	0.447 0.073 0.062
item_ammo_revolver_ttt	-3031.738037 -1126.317627 -220.303345	2.098 -0.435 1.490
item_ammo_revolver_ttt	-3047.432861 -1138.281982 -220.507538	1.964 0.336 3.438
weapon_zm_pistol	-564.393555 -507.983612 -191.111496	1.053 -37.224 -89.083
weapon_zm_pistol	-74.141792 -504.100952 -191.117554	1.119 -37.232 -89.038
weapon_zm_pistol	-2183.361084 861.392273 -222.999786	-0.410 -38.459 -90.348
weapon_zm_pistol	-2555.551025 -382.133240 -223.094116	0.866 -37.211 -89.212
item_ammo_pistol_ttt	-2456.972168 -3.698448 -310.527374	-10.145 -21.713 -6.166
item_ammo_pistol_ttt	-2443.818604 7.304399 -310.065247	-8.408 0.439 0.276
item_ammo_pistol_ttt	-1381.752441 -80.679573 -221.326904	1.190 -0.094 0.028
item_ammo_pistol_ttt	-1374.357056 -88.786118 -221.453888	0.522 0.066 0.020
item_ammo_pistol_ttt	100.756523 -506.044952 -505.688110	3.835 -0.144 3.329
item_ammo_pistol_ttt	80.438950 -502.583832 -504.533112	3.146 0.245 3.305
item_ammo_pistol_ttt	-1251.974731 -1618.801025 -223.666733	-0.145 -0.018 -0.044
item_ammo_pistol_ttt	-1229.592651 -1628.802124 -223.633179	-0.115 -0.019 -0.035
item_ammo_pistol_ttt	-595.690186 -1280.536743 -191.633179	-0.115 -0.019 -0.035
item_ammo_pistol_ttt	-610.055908 -1279.273438 -191.619949	-0.104 -0.020 -0.031
item_ammo_pistol_ttt	-540.005676 -502.857239 -191.652390	-0.132 -0.019 -0.040
item_ammo_pistol_ttt	-527.765137 -507.942261 -191.664246	-0.142 -0.019 -0.043
item_ammo_pistol_ttt	-50.652622 -505.948181 -191.625443	-0.108 -0.019 -0.033
item_ammo_pistol_ttt	-32.425903 -505.111145 -191.645691	-0.126 -0.019 -0.038
item_ammo_pistol_ttt	-704.554321 -508.776733 -191.633179	-0.115 -0.019 -0.035
item_ammo_pistol_ttt	-691.404541 -511.205994 -191.603851	0.244 -0.055 0.053
item_ammo_pistol_ttt	-2183.527100 846.762146 -223.603302	-0.089 -0.020 -0.027
item_ammo_pistol_ttt	-2182.300049 822.723694 -223.585266	0.230 -0.420 0.107
item_ammo_pistol_ttt	-2185.016357 1213.837646 -223.629257	-0.112 -0.019 -0.034
item_ammo_pistol_ttt	-2183.242676 1249.186279 -223.582611	-0.071 -0.020 -0.022
item_ammo_pistol_ttt	-2569.003906 -376.894501 -223.629990	0.077 -0.030 0.003
item_ammo_pistol_ttt	-2531.329102 -374.149811 -223.610931	-0.094 0.018 0.010
weapon_ttt_m16	-2451.226318 -7.444211 -310.757904	-6.530 -4.844 85.895
weapon_ttt_m16	-1370.811035 -61.349548 -219.898972	1.769 -7.835 91.886
weapon_ttt_m16	89.674652 -525.364441 -506.564850	3.537 -4.257 -74.136
weapon_ttt_m16	-1241.030029 -1636.946655 -223.145355	2.239 -5.793 83.995
weapon_zm_shotgun	137.059525 -1362.152100 -218.298401	-1.148 -9.256 -84.264
weapon_zm_shotgun	219.416214 -287.828064 -224.150146	3.128 -4.888 -85.124
weapon_zm_shotgun	-2462.905273 271.091522 -313.901276	-7.514 10.764 82.433
weapon_zm_sledge	-415.484039 -740.875732 -544.531738	17.267 -3.695 -1.457
weapon_zm_sledge	-513.516174 -301.597473 -524.603271	33.920 -1.002 -6.484
weapon_zm_sledge	-465.486603 175.847183 -527.447266	0.104 -0.016 0.730
weapon_zm_sledge	-291.864746 554.153625 -527.303711	4.824 14.317 2.639
weapon_zm_sledge	86.890106 610.012695 -543.119385	10.343 -1.193 1.691
weapon_zm_sledge	438.518890 740.420715 -540.935730	17.078 0.960 4.369
weapon_zm_sledge	1515.851807 669.866699 -533.581909	12.967 -3.746 -4.530
weapon_zm_sledge	1950.521118 1216.969482 -540.386108	12.536 -1.962 3.301
weapon_zm_sledge	17.118261 -2451.093262 6.677505	1.929 22.316 81.671
weapon_zm_revolver	-2141.367920 662.189636 -227.446884	2.113 -24.937 -86.857
weapon_zm_revolver	-2382.370117 -112.121231 -223.029312	2.061 -18.705 -85.689
weapon_zm_revolver	-3038.076416 -1148.741577 -220.926041	5.151 -25.288 -81.749
