# Trouble in Terrorist Town weapon/ammo placement overrides
# For map: ttt_mw2_terminal
# Exported by: amber
setting:	replacespawns 0
weapon_ttt_smokegrenade	763.774963 296.564941 164.546768	-1.458 -1.188 -0.850
weapon_ttt_smokegrenade	1001.033997 295.232880 164.634750	-0.520 -1.356 -0.303
weapon_ttt_smokegrenade	872.870178 289.574402 164.570999	-1.200 -1.252 -0.699
weapon_ttt_smokegrenade	865.817444 1085.762939 163.777512	-1.002 -1.285 -0.584
weapon_ttt_smokegrenade	913.793396 1021.718079 163.768677	-1.096 -1.264 -0.639
weapon_ttt_smokegrenade	916.739563 1121.651367 163.753830	-1.255 -1.216 -0.731
weapon_ttt_smokegrenade	-470.067810 1882.189697 188.212738	-1.373 -1.206 -0.800
weapon_ttt_smokegrenade	-424.391235 1808.119019 188.246094	-1.017 -1.284 -0.593
ttt_random_weapon	1169.503540 -1340.636108 5.992764	7.374 -5.044 -60.241	auto_ammo 2
ttt_random_weapon	1170.094116 -1428.107056 5.993610	7.331 -5.043 -60.237	auto_ammo 2
ttt_random_weapon	1172.651245 -1537.058960 5.991677	7.428 -5.045 -60.247	auto_ammo 2
ttt_random_weapon	1174.373535 -1630.842529 5.991327	7.446 -5.046 -60.248	auto_ammo 2
ttt_random_weapon	1165.063721 -1721.554810 5.992291	7.397 -5.044 -60.243	auto_ammo 2
ttt_random_weapon	478.021179 -998.715149 58.239731	9.115 -12.853 -97.901	auto_ammo 2
ttt_random_weapon	600.235352 -1057.397705 58.239391	9.108 -12.917 -97.836	auto_ammo 2
ttt_random_weapon	960.536987 -1882.638916 5.965405	7.137 7.224 -59.669	auto_ammo 2
ttt_random_weapon	874.004639 -1874.994263 5.993473	7.338 -5.043 -60.237	auto_ammo 2
ttt_random_weapon	800.304199 -1870.700439 5.992360	7.541 -5.047 -60.308	auto_ammo 2
ttt_random_weapon	535.683899 -1943.459961 6.390219	10.316 -6.584 -69.395	auto_ammo 2
ttt_random_weapon	481.583466 -1980.463745 5.992244	7.400 -5.044 -60.244	auto_ammo 2
ttt_random_weapon	20.698795 -2039.043091 5.992244	7.400 -5.044 -60.244	auto_ammo 2
ttt_random_weapon	-364.046600 -2084.283203 5.992336	7.395 -5.044 -60.243	auto_ammo 2
ttt_random_weapon	48.321987 -1155.472046 5.990590	7.501 -5.053 -60.260	auto_ammo 2
ttt_random_weapon	-7.895549 -1142.020508 5.991078	7.459 -5.047 -60.250	auto_ammo 2
ttt_random_weapon	-249.339539 -858.273438 5.900218	6.900 0.315 -58.469	auto_ammo 2
ttt_random_weapon	-322.129456 -769.533630 7.239175	9.220 -8.963 -98.233	auto_ammo 2
ttt_random_weapon	-884.533691 -357.276245 5.991450	7.440 -5.045 -60.248	auto_ammo 2
ttt_random_weapon	-760.046143 5.766381 5.990957	7.466 -5.047 -60.251	auto_ammo 2
ttt_random_weapon	-954.782471 14.836348 5.991950	7.415 -5.045 -60.245	auto_ammo 2
ttt_random_weapon	-212.815964 66.819168 5.992686	7.377 -5.044 -60.241	auto_ammo 2
ttt_random_weapon	-160.263428 -61.536121 187.993698	7.417 -5.045 -60.245	auto_ammo 2
ttt_random_weapon	-12.148602 14.904088 258.286926	9.142 -11.309 -98.024	auto_ammo 2
ttt_random_weapon	210.322540 66.539688 258.288818	9.149 -11.349 -98.285	auto_ammo 2
ttt_random_weapon	138.216904 141.693039 135.237473	9.107 -10.378 -98.079	auto_ammo 2
ttt_random_weapon	43.105225 155.178772 136.219620	11.259 -11.505 -98.625	auto_ammo 2
ttt_random_weapon	-820.921753 1247.469727 135.247589	9.089 -11.652 -98.813	auto_ammo 2
ttt_random_weapon	-936.101318 1233.317139 135.248032	9.093 -11.663 -98.892	auto_ammo 2
ttt_random_weapon	-707.954834 2616.250488 135.245010	9.090 -11.604 -98.463	auto_ammo 2
ttt_random_weapon	-710.515930 2668.758301 135.244553	9.090 -11.595 -98.405	auto_ammo 2
ttt_random_weapon	-707.333801 2706.597656 135.246002	9.089 -11.622 -98.593	auto_ammo 2
ttt_random_weapon	-918.741211 2628.720703 135.246811	9.089 -11.637 -98.702	auto_ammo 2
ttt_random_weapon	-919.788635 2674.290771 135.247833	9.088 -11.655 -98.841	auto_ammo 2
ttt_random_weapon	-914.719788 2703.984863 135.243484	9.091 -11.575 -98.271	auto_ammo 2
ttt_random_weapon	-89.662445 2624.325928 135.245636	9.089 -11.615 -98.544	auto_ammo 2
ttt_random_weapon	-82.381935 2676.402344 135.247421	9.088 -11.648 -98.781	auto_ammo 2
ttt_random_weapon	-82.861282 2707.513916 135.241257	9.092 -11.535 -97.998	auto_ammo 2
ttt_random_weapon	-594.907776 1966.697632 135.234772	9.192 -11.433 -97.604	auto_ammo 2
ttt_random_weapon	-600.343262 1696.451538 135.246140	9.089 -11.625 -98.611	auto_ammo 2
ttt_random_weapon	-296.491730 1739.547119 135.245438	9.089 -11.611 -98.516	auto_ammo 2
ttt_random_weapon	-295.890320 1886.979248 135.245682	9.090 -11.616 -98.554	auto_ammo 2
ttt_random_weapon	-1166.288086 1657.807007 135.234299	9.214 -11.436 -97.631	auto_ammo 2
ttt_random_weapon	-1466.600830 1665.276367 135.233398	9.269 -11.449 -97.720	auto_ammo 2
ttt_random_weapon	-1549.454956 1722.037598 135.233627	9.260 -11.448 -97.714	auto_ammo 2
ttt_random_weapon	-1385.380493 2233.230713 135.383835	10.258 -6.312 -69.205	auto_ammo 2
ttt_random_weapon	-1382.729858 2326.197021 136.223953	9.121 -11.296 -98.544	auto_ammo 2
ttt_random_weapon	801.083496 1936.596069 135.246170	9.094 -11.628 -98.636	auto_ammo 2
ttt_random_weapon	692.781250 1950.096924 135.247757	9.093 -11.657 -98.852	auto_ammo 2
ttt_random_weapon	996.753296 394.135834 135.250458	9.093 -11.699 -99.232	auto_ammo 2
ttt_random_weapon	717.831238 403.566559 135.242188	9.094 -11.553 -98.120	auto_ammo 2
ttt_random_weapon	1225.222290 777.713501 135.240753	9.094 -11.527 -97.946	auto_ammo 2
ttt_random_weapon	1224.522827 696.615173 135.241867	9.094 -11.548 -98.081	auto_ammo 2
ttt_random_weapon	1083.387573 -21.470165 7.652668	9.091 -11.635 -98.689	auto_ammo 2
ttt_random_weapon	1202.106323 -16.017107 7.651140	9.094 -11.609 -98.498	auto_ammo 2
ttt_random_weapon	1316.361328 -19.531965 7.644245	9.094 -11.483 -97.652	auto_ammo 2
ttt_random_weapon	1267.570923 -967.550232 8.239942	9.092 -11.512 -97.844	auto_ammo 2
ttt_random_weapon	1267.610596 -1043.044678 8.244207	9.090 -11.589 -98.361	auto_ammo 2
ttt_random_weapon	95.973686 -2020.961548 5.991328	7.446 -5.046 -60.248	auto_ammo 2
ttt_random_weapon	-712.119873 -1152.263916 5.992723	7.376 -5.044 -60.241	auto_ammo 2
ttt_random_weapon	-717.931580 -1106.352051 5.992295	7.397 -5.044 -60.243	auto_ammo 2
ttt_random_weapon	-936.562256 -599.479248 5.994477	7.286 -5.043 -60.232	auto_ammo 2
ttt_random_weapon	-1090.024536 -584.276306 5.991250	7.523 -5.054 -60.281	auto_ammo 2
ttt_random_weapon	-1045.248535 -256.368835 5.992519	7.386 -5.044 -60.242	auto_ammo 2
ttt_random_weapon	-1080.712769 -82.484497 5.991452	7.440 -5.045 -60.248	auto_ammo 2
ttt_random_weapon	-1051.162598 -171.199982 129.227448	9.113 -11.250 -98.236	auto_ammo 2
ttt_random_weapon	-1053.973389 -224.351746 129.225449	9.118 -11.272 -98.385	auto_ammo 2
ttt_random_weapon	-1054.094360 -286.527893 129.224152	9.120 -11.288 -98.488	auto_ammo 2
ttt_random_weapon	-1050.623535 -1024.431763 129.226379	9.116 -11.260 -98.303	auto_ammo 2
ttt_random_weapon	-1051.038574 -930.730957 129.233795	9.100 -11.167 -97.688	auto_ammo 2
ttt_random_weapon	-1062.209229 -848.451294 129.228638	9.111 -11.233 -98.120	auto_ammo 2
ttt_random_weapon	-1611.218994 377.056305 5.992198	7.402 -5.044 -60.244	auto_ammo 2
ttt_random_weapon	-1543.148682 382.743286 5.990953	7.466 -5.047 -60.251	auto_ammo 2
ttt_random_weapon	-1434.361450 386.642487 5.994251	7.298 -5.043 -60.233	auto_ammo 2
ttt_random_weapon	-1350.035156 382.061493 5.992292	7.397 -5.044 -60.243	auto_ammo 2
ttt_random_weapon	-1247.142578 378.622253 5.993026	7.360 -5.044 -60.240	auto_ammo 2
ttt_random_weapon	-1179.328613 376.819977 5.992428	7.390 -5.044 -60.243	auto_ammo 2
ttt_random_weapon	-979.477173 406.766144 135.200302	9.093 -11.649 -98.789	auto_ammo 2
ttt_random_weapon	-1189.608521 318.472046 135.200790	9.093 -11.658 -98.854	auto_ammo 2
ttt_random_weapon	-1406.378906 319.627350 135.194000	9.094 -11.532 -97.976	auto_ammo 2
ttt_random_weapon	-1630.082031 439.191650 135.198334	9.093 -11.612 -98.521	auto_ammo 2
ttt_random_weapon	-1725.830200 601.855957 135.224747	9.118 -11.251 -98.240	auto_ammo 2
ttt_random_weapon	-1849.459961 590.882874 135.224182	9.120 -11.256 -98.277	auto_ammo 2
ttt_random_weapon	-1934.968018 593.553894 135.222763	9.122 -11.272 -98.387	auto_ammo 2
ttt_random_weapon	-1768.189697 1128.433960 135.248383	9.132 -11.339 -99.114	auto_ammo 2
ttt_random_weapon	-1714.793701 1126.219482 135.241791	9.110 -11.184 -98.134	auto_ammo 2
ttt_random_weapon	234.062836 1206.687988 135.235229	9.223 -11.459 -97.767	auto_ammo 2
ttt_random_weapon	178.334030 1202.785400 135.235184	9.227 -11.460 -97.777	auto_ammo 2
ttt_random_weapon	137.907959 1182.569214 135.235519	9.192 -11.448 -97.691	auto_ammo 2
ttt_random_weapon	1136.020996 1759.635376 135.244446	9.090 -11.593 -98.390	auto_ammo 2
ttt_random_weapon	1138.604492 1521.273315 134.316696	9.703 -4.034 -67.442	auto_ammo 2
ttt_random_weapon	843.326721 1028.870483 135.241180	9.092 -11.534 -97.989	auto_ammo 2
ttt_random_weapon	991.532837 1166.635376 135.242950	9.094 -11.568 -98.216	auto_ammo 2
ttt_random_weapon	-3.435704 583.155334 135.196457	9.091 -11.575 -98.268	auto_ammo 2
ttt_random_weapon	-489.988922 400.413086 135.197922	9.094 -11.604 -98.468	auto_ammo 2
ttt_random_weapon	-479.786652 1004.406311 135.192795	9.099 -11.144 -97.853	auto_ammo 2
ttt_random_weapon	-574.713501 1004.784119 135.196808	9.108 -11.225 -98.381	auto_ammo 2
ttt_random_weapon	-580.376465 827.331055 135.195206	9.110 -11.192 -98.183	auto_ammo 2
ttt_random_weapon	-440.551086 825.677917 134.361572	10.475 -6.426 -69.853	auto_ammo 2
ttt_random_weapon	-1261.596313 774.714478 136.241943	9.112 -11.188 -98.158	auto_ammo 2
ttt_random_weapon	-1257.884644 885.507507 136.241867	9.112 -11.186 -98.148	auto_ammo 2
ttt_random_weapon	-1250.108398 842.259766 136.245102	9.123 -11.258 -98.615	auto_ammo 2
ttt_random_weapon	1005.806335 -400.365662 7.637233	9.268 -10.450 -97.473	auto_ammo 2
ttt_random_weapon	450.190643 760.253174 135.248627	9.087 -11.668 -98.950	auto_ammo 2
ttt_random_weapon	444.416840 695.549011 135.245255	9.090 -11.608 -98.495	auto_ammo 2
ttt_random_weapon	956.611084 -802.717163 7.636965	9.088 -11.658 -98.860	auto_ammo 2
ttt_random_weapon	804.763794 -804.234253 7.637433	9.088 -11.667 -98.925	auto_ammo 2
ttt_random_weapon	289.388275 -1093.658081 5.991080	7.459 -5.047 -60.250	auto_ammo 2
ttt_random_weapon	282.545685 -926.235596 5.992558	7.384 -5.044 -60.242	auto_ammo 2
ttt_random_weapon	34.719395 -1353.103149 5.992840	7.370 -5.044 -60.241	auto_ammo 2
ttt_random_weapon	-129.043243 -1349.912598 5.992472	7.388 -5.044 -60.243	auto_ammo 2
ttt_random_weapon	-255.096756 -1349.866089 5.992952	7.364 -5.044 -60.240	auto_ammo 2
ttt_random_weapon	-94.642624 -720.810791 5.991148	7.455 -5.047 -60.249	auto_ammo 2
ttt_random_weapon	-5.253211 -723.981812 5.992150	7.405 -5.044 -60.244	auto_ammo 2
ttt_random_weapon	-236.021301 159.745117 5.991738	7.425 -5.045 -60.246	auto_ammo 2
ttt_random_weapon	-228.356781 268.482513 5.992727	7.375 -5.044 -60.241	auto_ammo 2
item_ammo_smg1_ttt	-1701.875366 2138.173584 130.515167	0.189 -0.005 0.115
item_ammo_smg1_ttt	-1663.255493 2139.494873 130.595139	-0.793 0.003 -0.641
item_ammo_smg1_ttt	-1184.604126 2112.390137 131.537506	0.598 -0.003 0.389
item_ammo_smg1_ttt	-1184.620728 2140.147461 131.522217	0.266 -0.005 0.167
weapon_zm_molotov	542.270264 -411.457886 36.163788	-1.394 -1.219 -0.812
weapon_zm_molotov	580.742737 -421.421539 36.193199	-1.080 -1.264 -0.629
weapon_zm_molotov	611.553833 -422.581787 36.214767	-0.850 -1.319 -0.495
weapon_zm_molotov	1186.589233 -334.015320 38.259346	-0.876 -1.311 -0.510
weapon_zm_molotov	1190.090088 -518.460815 38.264114	-0.825 -1.322 -0.481
weapon_zm_molotov	1181.702393 -719.460754 38.223816	-1.255 -1.216 -0.731
weapon_zm_molotov	-468.145477 1703.301270 164.241180	-0.569 -1.353 -0.331
weapon_zm_molotov	-413.287811 1699.779175 164.228821	-0.700 -1.338 -0.408
weapon_zm_molotov	-446.668243 1975.003784 164.186935	-1.147 -1.263 -0.668
item_box_buckshot_ttt	-427.198608 2609.865967 130.491364	-0.056 0.002 0.132
item_box_buckshot_ttt	-424.803955 2654.617676 130.549240	-0.587 -0.007 0.520
item_box_buckshot_ttt	-514.255432 2616.650879 130.527466	-0.760 -0.007 0.674
item_box_buckshot_ttt	-504.590942 2674.960938 130.490326	0.103 0.003 0.005
item_box_buckshot_ttt	-506.830017 2643.953857 130.487808	0.480 0.018 -0.302
item_box_buckshot_ttt	-429.063568 2631.771484 130.572525	-0.403 -0.006 0.357
item_ammo_357_ttt	-77.597130 5.494916 130.434891	0.449 0.068 0.058
item_ammo_357_ttt	-60.717762 2.523817 130.521255	0.466 0.054 0.024
ttt_random_ammo	-21.617916 70.365303 130.438843	0.046 0.000 -0.031
ttt_random_ammo	16.044128 69.693214 130.450974	0.047 0.000 -0.023
ttt_random_ammo	51.273605 70.663574 130.502213	0.548 0.004 0.612
ttt_random_ammo	86.660347 69.392921 130.446228	0.047 0.000 -0.027
ttt_random_ammo	115.849174 66.892349 130.534271	1.567 0.040 1.900
weapon_zm_rifle	-64.594704 -18.831995 129.264404	3.580 12.618 65.641
weapon_ttt_glock	-782.049500 384.443420 131.172394	-0.537 25.454 91.031
item_ammo_revolver_ttt	-53.444012 240.050995 130.486267	0.463 -0.053 -0.041
item_ammo_revolver_ttt	-29.828611 192.213364 132.936523	1.027 0.390 -4.794
item_ammo_revolver_ttt	1334.532715 -581.654724 38.482864	0.468 0.059 0.036
item_ammo_revolver_ttt	1313.388306 -565.308350 38.476734	0.467 0.060 0.038
weapon_zm_pistol	-846.000977 382.963074 131.040375	0.380 -36.584 -90.141
item_ammo_pistol_ttt	-284.539215 2601.694824 130.538712	-0.062 -0.020 -0.019
item_ammo_pistol_ttt	-213.435608 2603.756592 130.458603	-0.132 -0.019 -0.040
item_ammo_pistol_ttt	-204.863113 2633.392334 130.467468	-0.124 -0.019 -0.038
item_ammo_pistol_ttt	-291.733093 2633.667480 130.501343	-0.095 -0.020 -0.029
item_ammo_pistol_ttt	-209.241852 2668.545410 130.439178	-0.149 -0.018 -0.045
item_ammo_pistol_ttt	-287.296021 2671.037109 130.525879	-0.073 -0.020 -0.022
item_ammo_pistol_ttt	-810.583923 384.984406 130.434738	-0.112 -0.020 -0.034
item_ammo_pistol_ttt	-825.044983 427.024567 130.505249	-0.050 -0.020 -0.015
item_ammo_pistol_ttt	-794.004333 409.146423 130.434738	-0.112 -0.020 -0.034
item_ammo_pistol_ttt	-755.191528 383.915924 130.424698	-0.121 -0.019 -0.037
weapon_ttt_m16	-241.973358 2610.420410 130.985168	1.902 -5.198 84.000
weapon_ttt_m16	-243.242737 2660.558594 130.993896	1.596 -5.181 84.342
weapon_ttt_m16	-242.929840 2633.596436 130.992966	1.628 -5.183 84.306
weapon_ttt_confgrenade	904.601135 -887.014038 38.728260	-38.488 -55.524 -94.436
weapon_ttt_confgrenade	855.253174 -882.306335 39.040672	39.151 -61.767 -96.358
weapon_ttt_confgrenade	826.124329 -879.501160 38.512886	-37.142 -57.998 -89.662
weapon_ttt_confgrenade	863.595764 -883.859009 38.484539	-36.955 -58.354 -89.059
weapon_ttt_confgrenade	904.699707 -892.584839 38.716866	9.565 -42.184 -93.418
weapon_ttt_confgrenade	833.993652 -897.747009 38.395752	-36.354 -59.400 -87.207
weapon_zm_shotgun	-470.599548 2602.688232 131.200043	-0.438 -8.891 -84.063
weapon_zm_shotgun	-466.207825 2658.769043 131.180130	-0.426 -8.896 -83.876
weapon_zm_shotgun	-466.389221 2639.589111 131.151138	-0.409 -8.904 -83.604
weapon_zm_sledge	922.154846 2037.967407 127.919441	18.634 -0.326 2.992
weapon_zm_sledge	920.112061 2098.437988 127.919441	18.634 -0.320 2.992
weapon_zm_sledge	921.820496 2071.151123 127.919441	18.634 -0.436 2.992
weapon_zm_revolver	-62.294380 202.397614 132.358444	1.357 -31.553 -83.278
weapon_zm_revolver	1333.261597 -563.457642 39.081131	1.608 -19.248 -86.478
weapon_zm_mac10	-1682.665283 2110.631104 131.371887	-0.310 -47.613 -88.832
weapon_zm_mac10	-1212.311523 2073.951416 132.358719	-0.690 -51.678 -88.327
