# Trouble in Terrorist Town weapon/ammo placement overrides
# For map: ttt_minecraftcity_v4
# Exported by: amber
setting:	replacespawns 0
weapon_ttt_smokegrenade	-907.380615 -815.463013 208.164612	-1.394 -1.486 -1.419
weapon_ttt_smokegrenade	-839.012451 -877.984253 208.170242	-1.274 -1.504 -1.296
weapon_ttt_smokegrenade	-738.259277 -703.106018 208.182983	-1.002 -1.542 -1.019
weapon_ttt_smokegrenade	-826.398315 -657.011108 208.156281	-1.572 -1.414 -1.600
weapon_ttt_smokegrenade	-594.741333 -841.129028 208.155167	-1.595 -1.415 -1.625
weapon_ttt_smokegrenade	-615.735046 -866.018127 208.140396	-1.911 -1.293 -1.947
weapon_ttt_smokegrenade	-11.528140 -1346.783081 480.178741	-0.514 -1.743 -0.781
weapon_ttt_smokegrenade	-74.127792 -1266.115601 480.136505	-0.933 -1.615 -1.425
weapon_ttt_smokegrenade	-247.145004 -1311.707764 480.150757	-0.792 -1.677 -1.208
weapon_ttt_smokegrenade	-85.647255 -1375.428955 480.117981	-1.128 -1.329 -1.701
weapon_ttt_smokegrenade	-260.901459 -1434.256348 480.183838	-0.464 -1.747 -0.703
weapon_ttt_smokegrenade	-272.690002 -1268.691162 480.197632	-0.731 -4.737 -0.474
weapon_ttt_smokegrenade	-265.240540 -1270.277466 482.053009	22.890 42.582 89.794
weapon_ttt_smokegrenade	-306.000366 -1337.528076 480.149567	-0.804 -1.679 -1.226
weapon_ttt_smokegrenade	-224.276505 27.161594 48.152668	-1.669 -1.429 -1.786
weapon_ttt_smokegrenade	-176.126617 13.176707 48.173729	-1.200 -1.521 -1.220
weapon_ttt_smokegrenade	-200.032730 57.022430 48.149338	-1.720 -1.377 -1.752
weapon_ttt_smokegrenade	-147.427200 78.498665 48.178570	-1.097 -1.532 -1.115
weapon_ttt_smokegrenade	-611.821716 -1351.708496 304.162628	-1.436 -1.479 -1.462
weapon_ttt_smokegrenade	-533.792786 -1254.613403 304.145630	-1.799 -1.352 -1.833
weapon_ttt_smokegrenade	-104.278801 -364.112762 48.136257	-2.005 -1.231 -2.034
weapon_ttt_smokegrenade	-168.909317 -321.155487 48.170254	-1.274 -1.504 -1.296
weapon_ttt_smokegrenade	-688.971436 194.826462 48.155170	-1.596 -1.415 -1.625
weapon_ttt_smokegrenade	-810.793823 205.201523 48.140400	-1.911 -1.293 -1.947
weapon_ttt_smokegrenade	-750.983948 159.106964 48.177006	-1.130 -1.532 -1.149
weapon_ttt_smokegrenade	-462.777313 294.332397 160.143051	-1.854 -1.283 -1.889
weapon_ttt_smokegrenade	992.044861 -450.284088 32.167500	-1.333 -1.499 -1.356
weapon_ttt_smokegrenade	1221.853882 -314.243347 32.155170	-1.596 -1.414 -1.625
weapon_ttt_smokegrenade	581.408020 -1409.445679 160.132217	-0.976 -1.572 -1.491
weapon_ttt_smokegrenade	706.693420 -1479.012939 32.122940	-1.147 -1.263 -0.668
ttt_random_weapon	-785.769714 240.012863 52.928616	0.298 -27.173 125.224	auto_ammo 2
ttt_random_weapon	-793.010620 217.010101 52.220890	9.977 -3.319 -69.068	auto_ammo 2
ttt_random_weapon	-779.389404 207.418182 51.727962	3.271 -3.942 -40.981	auto_ammo 2
ttt_random_weapon	-666.807129 206.360184 52.972614	-0.223 40.771 125.405	auto_ammo 2
ttt_random_weapon	-669.839905 234.507828 85.133530	9.121 -13.044 -98.527	auto_ammo 2
ttt_random_weapon	-228.444199 369.086487 69.131004	9.116 -12.970 -98.181	auto_ammo 2
ttt_random_weapon	-227.055679 339.546509 37.121788	9.102 -11.175 -97.743	auto_ammo 2
ttt_random_weapon	-676.673096 -133.609344 83.986732	1.236 2.350 -12.104	auto_ammo 2
ttt_random_weapon	-601.278442 -501.418915 83.842201	-2.612 9.262 -36.453	auto_ammo 2
ttt_random_weapon	-603.419617 -467.972656 51.881207	7.402 -5.044 -60.244	auto_ammo 2
ttt_random_weapon	95.401161 545.104370 325.132141	9.130 -13.003 -98.383	auto_ammo 2
ttt_random_weapon	-513.176453 296.811951 163.881256	7.400 -5.044 -60.244	auto_ammo 2
ttt_random_weapon	-407.883087 284.380615 163.881744	7.375 -5.044 -60.241	auto_ammo 2
ttt_random_weapon	-220.689438 90.900826 51.880520	7.437 -5.045 -60.247	auto_ammo 2
ttt_random_weapon	-228.044556 6.241724 51.879288	7.509 -5.064 -60.258	auto_ammo 2
ttt_random_weapon	1013.563843 -374.816437 37.110966	9.155 -11.997 -97.759	auto_ammo 2
ttt_random_weapon	981.039246 -380.787781 69.133492	8.992 -14.517 -98.016	auto_ammo 2
ttt_random_weapon	1159.055908 -457.248291 69.131584	9.108 -12.923 -98.221	auto_ammo 2
ttt_random_weapon	1157.969482 -425.753998 35.881424	7.541 -5.047 -60.309	auto_ammo 2
ttt_random_weapon	1449.730591 -542.915283 35.883118	7.305 -5.043 -60.234	auto_ammo 2
ttt_random_weapon	1288.228882 -540.455933 35.879787	7.476 -5.049 -60.252	auto_ammo 2
ttt_random_weapon	1212.401001 -211.093323 37.133179	9.138 -13.028 -98.548	auto_ammo 2
ttt_random_weapon	1118.498779 -208.314560 37.132824	9.134 -13.019 -98.488	auto_ammo 2
ttt_random_weapon	478.476013 -817.526428 309.129272	9.115 -12.938 -97.966	auto_ammo 2
ttt_random_weapon	475.921997 -840.814209 277.129730	9.091 -11.114 -97.931	auto_ammo 2
ttt_random_weapon	319.129211 -1434.217529 275.881714	7.378 -5.044 -60.241	auto_ammo 2
ttt_random_weapon	320.461121 -1325.041870 275.880280	7.449 -5.045 -60.249	auto_ammo 2
ttt_random_weapon	318.083771 -1249.641602 275.882019	7.362 -5.044 -60.240	auto_ammo 2
ttt_random_weapon	-89.369888 -1301.993286 485.122833	9.188 -13.255 -97.484	auto_ammo 2
ttt_random_weapon	-129.527054 -1412.012573 485.128113	9.109 -12.915 -97.810	auto_ammo 2
ttt_random_weapon	-199.732925 -1470.024658 485.126831	9.099 -12.834 -97.625	auto_ammo 2
ttt_random_weapon	-277.626862 -1403.682861 485.127899	9.231 -12.865 -98.245	auto_ammo 2
ttt_random_weapon	-307.850372 -1278.921753 485.134033	9.132 -12.994 -98.645	auto_ammo 2
ttt_random_weapon	-221.202759 -1297.833130 485.133179	9.128 -12.974 -98.509	auto_ammo 2
ttt_random_weapon	-250.283340 -1333.233887 485.128479	9.106 -12.870 -97.843	auto_ammo 2
ttt_random_weapon	-556.451538 -1370.062012 307.881805	7.371 -5.044 -60.241	auto_ammo 2
ttt_random_weapon	-556.702271 -1304.092407 307.880157	7.456 -5.047 -60.249	auto_ammo 2
ttt_random_weapon	-762.444397 -646.689453 243.659515	2.151 6.831 -36.632	auto_ammo 2
ttt_random_weapon	-761.968262 -688.698792 211.882034	7.360 -5.044 -60.240	auto_ammo 2
ttt_random_weapon	-894.589722 -882.194275 245.130707	9.130 -14.834 -98.197	auto_ammo 2
ttt_random_weapon	-892.253540 -846.251892 211.880569	7.434 -5.045 -60.247	auto_ammo 2
ttt_random_weapon	-570.211670 -836.538330 243.839828	7.097 -28.532 -59.404	auto_ammo 2
ttt_random_weapon	-113.712059 -294.379272 83.728928	1.851 7.377 -29.928	auto_ammo 2
ttt_random_weapon	-90.436928 -327.950958 51.684456	2.434 -9.236 -37.386	auto_ammo 2
ttt_random_weapon	14.765591 -340.708862 37.134979	9.113 -11.272 -98.688	auto_ammo 2
ttt_random_weapon	-496.484070 937.905273 35.880852	7.420 -5.045 -60.246	auto_ammo 2
ttt_random_weapon	-389.868866 936.776428 35.880154	7.456 -5.047 -60.249	auto_ammo 2
ttt_random_weapon	90.706360 577.172729 163.879593	7.496 -5.051 -60.257	auto_ammo 2
ttt_random_weapon	90.704765 526.555664 163.881897	7.368 -5.044 -60.240	auto_ammo 2
ttt_random_weapon	253.431747 36.169800 37.132854	9.108 -11.225 -98.383	auto_ammo 2
ttt_random_weapon	676.619629 -988.080505 37.114243	9.117 -11.257 -98.283	auto_ammo 2
ttt_random_weapon	1370.934937 -1491.079834 37.133385	9.102 -10.256 -98.429	auto_ammo 2
ttt_random_weapon	1120.941528 -1472.955444 35.881737	7.375 -5.044 -60.241	auto_ammo 2
ttt_random_weapon	567.647583 -1435.701538 165.133072	9.137 -13.026 -98.531	auto_ammo 2
ttt_random_weapon	551.849609 -1489.348511 197.121017	9.296 -12.858 -97.659	auto_ammo 2
ttt_random_weapon	544.803284 -1405.185791 165.131088	9.125 -12.979 -98.226	auto_ammo 2
ttt_random_weapon	108.815430 -1233.449219 341.128998	9.189 -12.898 -98.215	auto_ammo 2
ttt_random_weapon	133.304733 -1257.228271 308.254883	10.175 -6.754 -69.142	auto_ammo 2
ttt_random_weapon	229.126541 -1288.924683 341.134247	9.068 -32.596 -98.405	auto_ammo 2
ttt_random_weapon	197.975479 -1291.295532 309.129669	9.134 -20.081 -98.084	auto_ammo 2
ttt_random_weapon	227.813812 -1390.035767 341.509308	-4.717 -22.339 -97.295	auto_ammo 2
ttt_random_weapon	197.838776 -1408.570923 309.490051	-4.023 -22.710 -96.812	auto_ammo 2
ttt_random_weapon	-320.626129 -1257.377319 309.133453	9.140 -13.035 -98.596	auto_ammo 2
ttt_random_weapon	-443.144653 -958.552124 -299.717987	10.344 -27.107 -69.495	auto_ammo 2
ttt_random_weapon	-329.839539 -983.991333 -300.119476	7.437 -5.045 -60.247	auto_ammo 2
ttt_random_weapon	-335.540192 -1042.329834 -266.863129	9.061 -14.289 -98.730	auto_ammo 2
ttt_random_weapon	-178.526611 -1330.213013 67.763031	10.172 -5.729 -68.929	auto_ammo 2
ttt_random_weapon	-574.140503 -817.586731 -58.871616	9.098 -16.965 -97.799	auto_ammo 2
ttt_random_weapon	-582.922424 -780.999146 -90.866196	9.057 2.332 -99.016	auto_ammo 2
ttt_random_weapon	-1077.283081 -404.294373 -154.869110	9.093 -12.089 -98.080	auto_ammo 2
ttt_random_weapon	-1078.114502 -513.528625 -156.118942	7.410 -5.045 -60.245	auto_ammo 2
ttt_random_weapon	-1100.574707 -454.458069 -156.117493	7.336 -5.043 -60.237	auto_ammo 2
ttt_random_weapon	-1402.071533 -884.003235 -114.871445	9.093 -14.404 -97.800	auto_ammo 2
ttt_random_weapon	-1402.393799 -925.253357 -114.869492	9.142 -13.641 -98.219	auto_ammo 2
ttt_random_weapon	-1460.226807 -1109.492432 -156.117004	7.311 -5.043 -60.235	auto_ammo 2
ttt_random_weapon	-1531.116699 -723.566956 -156.118149	7.370 -5.044 -60.241	auto_ammo 2
ttt_random_weapon	-1537.146973 -682.629272 -122.870430	9.173 -12.852 -98.223	auto_ammo 2
ttt_random_weapon	-1427.559570 -360.719147 -156.120285	7.480 -5.048 -60.253	auto_ammo 2
ttt_random_weapon	-1210.195190 -157.623444 -122.515045	-3.754 -22.510 -96.786	auto_ammo 2
ttt_random_weapon	-1243.475830 -159.918518 -154.879181	9.294 -11.503 -97.630	auto_ammo 2
ttt_random_weapon	-1242.441040 -245.620483 -156.277466	2.946 -10.699 -38.155	auto_ammo 2
ttt_random_weapon	-1210.390381 -252.576340 -123.947563	-1.725 -13.381 -60.729	auto_ammo 2
ttt_random_weapon	-986.951904 -414.010864 37.133141	9.109 -11.231 -98.425	auto_ammo 2
ttt_random_weapon	-981.175171 -154.272110 36.917461	-0.343 -175.035 125.107	auto_ammo 2
ttt_random_weapon	-762.787659 353.421234 37.130833	9.103 -11.183 -98.112	auto_ammo 2
ttt_random_weapon	-632.115906 358.995453 37.130569	9.085 -11.314 -98.008	auto_ammo 2
ttt_random_weapon	780.716736 1003.109863 35.880024	7.462 -5.047 -60.250	auto_ammo 2
ttt_random_weapon	911.133972 1008.866272 35.881775	7.373 -5.044 -60.241	auto_ammo 2
ttt_random_weapon	-330.050201 -1348.182617 485.133514	9.139 -13.036 -98.602	auto_ammo 2
ttt_random_weapon	-334.930725 -1396.770386 485.119507	9.096 -12.835 -97.374	auto_ammo 2
ttt_random_weapon	17.468124 -1259.802734 485.133240	9.143 -13.034 -98.580	auto_ammo 2
ttt_random_weapon	39.628639 -1455.365967 485.133545	9.146 -13.042 -98.631	auto_ammo 2
ttt_random_weapon	-67.670296 -1456.243042 485.130615	9.116 -12.917 -98.134	auto_ammo 2
ttt_random_weapon	-610.035645 -1325.239136 307.881531	7.386 -5.044 -60.242	auto_ammo 2
ttt_random_weapon	-513.258789 -1330.739868 307.879608	7.496 -5.051 -60.258	auto_ammo 2
ttt_random_weapon	-267.066040 49.365555 51.882175	7.353 -5.044 -60.239	auto_ammo 2
ttt_random_weapon	-150.103409 52.486187 51.879841	7.473 -5.048 -60.252	auto_ammo 2
ttt_random_weapon	546.444702 -685.684387 165.133789	9.142 -13.043 -98.649	auto_ammo 2
ttt_random_weapon	550.947327 -719.713196 165.132263	9.133 -13.007 -98.407	auto_ammo 2
ttt_random_weapon	709.892212 -1429.974609 37.134575	9.112 -11.263 -98.632	auto_ammo 2
ttt_random_weapon	1201.842651 -340.576141 35.881855	7.369 -5.044 -60.241	auto_ammo 2
ttt_random_weapon	1002.845459 -205.065262 37.132221	9.126 -13.001 -98.375	auto_ammo 2
ttt_random_weapon	-256.032806 -558.271057 -300.117065	7.315 -5.043 -60.235	auto_ammo 2
ttt_random_weapon	-373.713654 -534.559021 -300.118256	7.376 -5.044 -60.241	auto_ammo 2
ttt_random_weapon	-432.943573 -672.867615 -92.117462	7.335 -5.043 -60.237	auto_ammo 2
ttt_random_weapon	-646.004883 -795.382385 -90.866791	9.141 -13.033 -98.569	auto_ammo 2
ttt_random_weapon	-1050.301636 -645.953979 -156.092728	1.534 4.118 -19.310	auto_ammo 2
ttt_random_weapon	-1050.281372 -850.048706 -154.846878	8.065 -12.886 -98.095	auto_ammo 2
ttt_random_weapon	-1288.110962 -810.107544 -156.118195	7.371 -5.044 -60.241	auto_ammo 2
ttt_random_weapon	-1284.267212 -1144.124390 -156.119049	7.415 -5.045 -60.245	auto_ammo 2
ttt_random_weapon	-1271.896729 -921.911133 -156.119156	7.420 -5.045 -60.246	auto_ammo 2
ttt_random_weapon	-1084.007813 -1145.346680 -154.880661	9.297 -6.134 -97.476	auto_ammo 2
ttt_random_weapon	-857.829346 -569.581970 37.079327	9.434 -1.077 -97.004	auto_ammo 2
ttt_random_weapon	-870.829895 -577.032898 37.046856	9.442 -19.281 -95.010	auto_ammo 2
ttt_random_weapon	-863.242065 -590.831726 35.876862	7.552 -1.653 -57.504	auto_ammo 2
ttt_random_weapon	-864.055298 -555.013184 35.825340	7.035 -7.350 -59.132	auto_ammo 2
ttt_random_weapon	-574.565063 -769.414917 211.872650	7.370 -101.224 -60.083	auto_ammo 2
ttt_random_weapon	-711.499451 -662.150085 211.880905	7.417 -5.045 -60.245	auto_ammo 2
ttt_random_weapon	-949.657471 -849.562561 213.134262	9.100 -13.280 -98.537	auto_ammo 2
ttt_random_weapon	258.948792 499.256378 37.133320	9.110 -11.236 -98.452	auto_ammo 2
ttt_random_weapon	894.006897 638.486206 37.130417	9.103 -11.175 -98.060	auto_ammo 2
ttt_random_weapon	570.760681 53.396427 37.127502	9.097 -11.119 -97.694	auto_ammo 2
ttt_random_weapon	-47.786213 968.131958 37.129360	9.101 -11.155 -97.924	auto_ammo 2
ttt_random_weapon	-871.491516 812.251160 37.132580	9.076 -10.663 -98.222	auto_ammo 2
ttt_random_weapon	-1002.259216 728.521729 37.133892	9.111 -11.248 -98.531	auto_ammo 2
ttt_random_weapon	-1052.591797 284.148560 37.114162	9.118 -11.261 -98.313	auto_ammo 2
ttt_random_weapon	-616.045959 -179.023865 179.882141	7.355 -5.044 -60.239	auto_ammo 2
ttt_random_weapon	-630.877930 -481.992950 179.880508	7.437 -5.045 -60.247	auto_ammo 2
weapon_zm_molotov	-55.733715 -368.857635 304.150543	-1.694 -1.375 -1.726
weapon_zm_molotov	-114.368286 -367.709106 304.146881	-1.773 -1.379 -1.806
weapon_zm_molotov	-189.215805 -368.765320 304.143066	-1.854 -1.283 -1.889
weapon_zm_molotov	-247.125259 -366.955017 304.159546	-1.503 -1.457 -1.530
weapon_zm_molotov	-684.378479 -197.656723 48.137669	-1.969 -1.212 -2.007
weapon_zm_molotov	-667.632263 -172.942200 48.201363	-1.451 -1.103 -0.327
weapon_zm_molotov	-662.967529 -207.054550 48.193005	-0.789 -1.560 -0.801
weapon_zm_molotov	-692.306335 -210.748383 48.141727	-1.886 -1.286 -1.916
weapon_zm_molotov	-679.122131 -205.959061 48.149338	-1.720 -1.377 -1.752
weapon_zm_molotov	-681.814087 -167.537323 79.728172	1.964 1.447 0.420
weapon_zm_molotov	-678.539917 -181.290436 81.264923	-49.290 -59.360 -86.578
weapon_zm_molotov	465.257935 -1257.574707 272.149353	-1.720 -1.377 -1.752
weapon_zm_molotov	436.905701 -1276.239990 272.171143	-1.255 -1.505 -1.277
weapon_zm_molotov	462.909790 -1287.310425 305.097778	18.425 -36.969 -89.686
weapon_zm_molotov	435.863861 -1296.736206 272.140411	-1.911 -1.293 -1.947
weapon_zm_molotov	450.368439 -1297.298218 303.672485	-0.407 1.257 1.170
weapon_zm_molotov	449.390717 -1270.566040 272.146881	-1.772 -1.379 -1.805
weapon_zm_molotov	-183.252167 35.803593 48.188301	-0.889 -1.554 -0.903
weapon_zm_molotov	-78.130493 -1316.867920 481.642700	-48.932 1.123 -85.940
weapon_zm_molotov	-307.933777 -1448.732544 480.112823	-1.177 -1.480 -1.782
weapon_zm_molotov	-274.681671 -1329.855347 480.116333	-1.134 -1.378 -1.734
weapon_zm_molotov	61.330681 -1257.728638 304.127716	-1.021 -1.553 -1.560
weapon_zm_molotov	183.279587 -1407.568115 304.159119	-1.638 -0.416 -1.431
weapon_zm_molotov	552.036194 -1458.567261 160.148361	-0.816 -1.671 -1.245
item_ammo_357_ttt	112.472061 582.685059 320.373016	0.459 0.059 0.038
item_ammo_357_ttt	134.272171 590.029358 320.346405	0.454 0.064 0.049
item_ammo_357_ttt	136.657516 565.520996 320.344513	0.453 0.064 0.050
item_ammo_357_ttt	-454.587463 493.023438 160.342529	0.452 0.062 0.051
item_ammo_357_ttt	-430.192017 492.625061 160.389099	0.462 0.055 0.032
item_ammo_357_ttt	224.951538 -1248.496582 480.377289	0.460 0.058 0.037
item_ammo_357_ttt	207.699829 -1246.974731 480.348206	0.454 0.064 0.048
item_ammo_357_ttt	190.789078 -1248.362671 480.332520	0.451 0.066 0.054
ttt_random_ammo	50.859142 -1232.195801 304.326019	-0.046 -0.000 -0.031
ttt_random_ammo	73.888634 -1229.768799 304.338348	-0.046 -0.000 -0.025
ttt_random_ammo	183.357635 -1234.172363 304.345306	-0.048 -0.000 -0.019
ttt_random_ammo	205.286819 -1232.499146 304.354156	-0.054 -0.000 -0.008
ttt_random_ammo	242.266449 -1228.955688 336.367310	0.081 0.000 0.033
ttt_random_ammo	240.267563 -1334.909790 336.370972	0.097 0.000 0.054
ttt_random_ammo	234.849304 -1360.363037 336.346802	0.049 0.000 -0.017
ttt_random_ammo	241.265121 -1426.055908 336.355408	0.056 0.000 -0.004
ttt_random_ammo	241.679672 -1452.416748 336.379456	0.165 0.001 0.141
ttt_random_ammo	-14.325830 -1230.677368 336.363464	0.070 0.000 0.018
ttt_random_ammo	13.114666 -1234.405884 336.330353	0.046 0.000 -0.029
ttt_random_ammo	-57.202408 -1237.059448 304.328552	-0.046 -0.000 -0.030
ttt_random_ammo	-88.670235 -1241.776978 304.376373	-0.119 -0.000 0.083
ttt_random_ammo	-114.078346 -1228.399414 304.347565	-0.049 -0.000 -0.017
ttt_random_ammo	-368.410797 -1233.607422 322.338379	-0.047 0.000 0.025
ttt_random_ammo	-366.179230 -1265.330444 322.387909	0.364 0.002 0.386
ttt_random_ammo	-268.151459 -1231.147583 322.385742	-0.217 0.001 -0.205
ttt_random_ammo	-275.804474 -1266.850220 322.377808	0.151 0.001 0.122
ttt_random_ammo	-83.447273 -1458.832764 304.358429	-0.059 0.000 -0.001
ttt_random_ammo	-123.071388 -1456.484009 304.378265	-0.134 -0.000 0.101
ttt_random_ammo	-160.667191 -1453.999512 304.379547	-0.161 -0.134 0.333
ttt_random_ammo	-194.867828 -1459.683105 304.410675	1.662 -0.034 -2.001
ttt_random_ammo	201.455048 -1452.701172 304.391632	-0.314 -0.002 0.326
ttt_random_ammo	176.373703 -1453.724854 304.401764	-0.601 -0.005 0.678
ttt_random_ammo	39.078846 -1388.740845 520.395264	1.196 0.017 1.402
ttt_random_ammo	38.333771 -1363.494019 520.386719	0.307 0.002 0.317
ttt_random_ammo	11.803539 -1389.129639 520.357483	0.058 0.000 0.000
ttt_random_ammo	0.005396 -1361.607422 520.412170	1.693 0.034 2.042
ttt_random_ammo	-17.124964 -1391.839844 520.384033	0.236 0.001 0.229
ttt_random_ammo	-25.245573 -1357.267944 520.386719	0.308 0.002 0.318
ttt_random_ammo	-44.084446 -1392.533203 520.357483	0.059 0.000 0.000
ttt_random_ammo	-47.695786 -1366.806885 520.312012	0.047 0.000 -0.037
ttt_random_ammo	-147.022598 -1356.387817 512.367310	0.082 0.000 0.034
ttt_random_ammo	-169.926941 -1300.967896 512.342285	0.047 0.000 -0.021
ttt_random_ammo	-176.744904 -1323.514893 544.361511	0.066 0.000 0.011
ttt_random_ammo	-206.360779 -1364.998779 512.344543	0.048 0.000 -0.019
ttt_random_ammo	-202.763718 -1389.679810 512.348999	0.050 0.000 -0.014
ttt_random_ammo	-181.339249 -1398.901489 512.327820	0.046 0.000 -0.030
ttt_random_ammo	-179.827484 -1359.679443 576.351196	0.052 0.000 -0.011
ttt_random_ammo	-306.422760 -1484.328857 512.374451	0.119 0.000 0.082
ttt_random_ammo	-333.703247 -1484.602295 512.379456	0.163 0.001 0.139
ttt_random_ammo	-813.157959 48.969723 80.349007	0.050 0.000 -0.014
ttt_random_ammo	-813.265991 72.615364 80.327850	0.046 0.000 -0.031
ttt_random_ammo	-781.732544 45.470612 48.379440	0.168 0.001 0.144
ttt_random_ammo	-760.280029 47.571236 48.365421	0.076 0.000 0.025
ttt_random_ammo	-814.458313 150.449814 48.461506	-1.031 -0.027 1.244
ttt_random_ammo	-817.509583 177.907532 48.326038	-0.046 -0.000 -0.032
ttt_random_ammo	-631.985657 -491.189514 80.344559	0.048 0.000 -0.019
ttt_random_ammo	-659.351929 -493.521545 80.370964	0.097 0.000 0.054
ttt_random_ammo	-645.864319 -463.467743 48.388004	0.352 0.002 0.373
ttt_random_ammo	-695.394592 -492.636932 48.412819	1.634 0.035 1.965
ttt_random_ammo	-684.219116 -454.485352 48.359539	0.063 0.000 0.006
ttt_random_ammo	-660.668396 -436.146820 48.376183	0.134 0.000 0.101
ttt_random_ammo	-684.951538 -399.363983 80.320084	0.046 0.000 -0.034
ttt_random_ammo	-660.997314 -399.839386 80.320084	0.046 0.000 -0.034
ttt_random_ammo	-688.352539 -177.915939 79.980698	-0.113 0.135 0.170
ttt_random_ammo	-620.521057 -243.125565 80.351181	0.052 0.000 -0.011
ttt_random_ammo	-599.821899 -242.360336 80.390327	0.458 0.003 0.503
ttt_random_ammo	-595.943970 -148.928436 48.332813	0.046 0.000 -0.028
ttt_random_ammo	-617.188721 -148.239868 48.427776	1.449 0.034 1.755
ttt_random_ammo	-653.021545 -186.419815 48.355442	0.056 0.000 -0.004
ttt_random_ammo	-624.983521 -180.639252 48.372765	0.107 0.000 0.066
ttt_random_ammo	-590.816101 -178.397827 48.361538	0.066 0.000 0.011
ttt_random_ammo	-599.721985 -205.612183 48.317444	0.047 0.000 -0.035
ttt_random_ammo	-641.999939 -208.948212 48.417530	1.574 -0.042 -1.901
ttt_random_ammo	-239.819748 -306.502350 80.342278	0.047 0.000 -0.021
ttt_random_ammo	-202.724167 -304.724426 48.397747	-0.481 -0.003 0.530
ttt_random_ammo	-171.630173 -300.837799 48.338367	-0.047 -0.000 -0.025
ttt_random_ammo	-146.612122 -302.423737 48.370594	-0.091 -0.000 0.046
ttt_random_ammo	-82.281296 -429.291382 80.325279	0.046 0.000 -0.031
ttt_random_ammo	-111.658333 -430.007721 80.369156	0.088 0.000 0.043
ttt_random_ammo	-81.041061 -399.000336 48.377834	0.150 0.001 0.121
ttt_random_ammo	-108.666328 -399.657532 48.355438	0.057 0.000 -0.004
ttt_random_ammo	-142.005081 -426.514252 48.363480	0.071 -0.000 -0.018
ttt_random_ammo	-144.711258 -396.099213 48.388752	0.415 -0.003 -0.449
ttt_random_ammo	-180.753784 -401.379639 48.370586	-0.091 -0.000 0.045
ttt_random_ammo	-209.181854 -402.439423 48.374474	-0.110 -0.000 0.070
ttt_random_ammo	-234.871536 -401.057587 48.366634	-0.077 -0.000 0.027
ttt_random_ammo	-235.076950 -434.933838 80.320847	-0.047 -0.000 -0.034
ttt_random_ammo	-205.502701 -430.655334 80.356339	-0.057 -0.000 -0.003
ttt_random_ammo	-173.255157 -432.624115 80.391281	0.539 0.004 0.602
ttt_random_ammo	1197.773682 -464.723053 64.361534	0.066 0.000 0.011
ttt_random_ammo	1227.351196 -465.339569 64.335213	0.046 0.000 -0.026
ttt_random_ammo	1227.828491 -430.667480 32.369160	0.090 0.000 0.044
ttt_random_ammo	1198.732178 -434.621582 32.355438	0.057 0.000 -0.004
ttt_random_ammo	979.045227 -465.216034 32.358448	-0.060 -0.000 0.001
ttt_random_ammo	980.200989 -434.179810 32.320843	-0.047 -0.000 -0.034
ttt_random_ammo	1007.097412 -458.186493 32.364620	-0.072 -0.000 0.019
ttt_random_ammo	1005.083435 -428.367981 32.354198	-0.055 -0.000 -0.007
ttt_random_ammo	1006.601929 -403.179596 32.387810	-0.246 -0.001 0.241
ttt_random_ammo	973.447571 -331.126129 32.417568	-1.443 -0.025 1.702
ttt_random_ammo	980.716919 -307.682251 32.380203	-0.151 -0.001 0.123
ttt_random_ammo	1006.920593 -314.592468 32.360531	-0.063 -0.000 0.006
ttt_random_ammo	1000.972717 -336.721832 32.347603	-0.050 -0.000 -0.017
ttt_random_ammo	-278.798096 -1006.232666 -303.650970	0.051 0.000 -0.014
ttt_random_ammo	-301.063477 -1007.236206 -303.672150	0.046 0.000 -0.031
ttt_random_ammo	-305.787109 -1037.383667 -303.636505	0.071 0.000 0.018
ttt_random_ammo	-274.065216 -1039.833740 -271.547668	0.887 0.024 1.070
ttt_random_ammo	-368.345123 -1037.641968 -271.629028	0.096 0.000 0.053
ttt_random_ammo	-371.427338 -1013.418030 -303.571045	1.401 0.032 1.695
ttt_random_ammo	-331.436859 -1015.261353 -303.660034	0.047 0.000 -0.023
ttt_random_ammo	-430.309753 -1002.916870 -303.619141	0.190 -0.001 -0.171
ttt_random_ammo	-452.878387 -1001.443054 -303.566711	1.232 -0.030 -1.484
ttt_random_ammo	-434.254364 -801.586792 -303.669617	0.046 -0.000 0.029
ttt_random_ammo	-473.311920 -806.540161 -303.531006	0.559 0.020 0.676
ttt_random_ammo	-592.376465 -800.999268 -303.616058	0.244 0.001 0.239
ttt_random_ammo	-597.021057 -736.372070 -303.636505	0.071 0.000 0.018
ttt_random_ammo	-625.800049 -740.035950 -303.655426	0.049 0.000 -0.019
ttt_random_ammo	-621.214966 -704.088623 -303.642487	0.059 0.000 0.001
ttt_random_ammo	-623.752563 -656.690796 -303.622192	0.151 0.001 0.122
ttt_random_ammo	-630.786255 -621.235718 -303.634583	0.076 0.000 0.025
ttt_random_ammo	-628.715027 -584.342041 -303.664734	0.046 -0.000 0.027
ttt_random_ammo	-628.498108 -529.133179 -303.646667	0.054 0.000 -0.008
ttt_random_ammo	-1059.747437 -341.598297 -159.537949	-1.016 -0.026 1.226
ttt_random_ammo	-1065.925903 -345.295074 -159.494461	-1.259 -0.047 1.526
ttt_random_ammo	-1041.747803 -377.375946 -159.634583	0.077 0.000 0.026
ttt_random_ammo	-1040.993652 -421.462982 -159.647980	-0.053 -0.000 -0.011
ttt_random_ammo	-1037.391602 -466.740356 -159.634583	0.077 0.000 0.026
ttt_random_ammo	-1035.866455 -496.571991 -159.616226	0.242 -0.001 -0.237
ttt_random_ammo	-1043.287354 -542.302551 -159.619003	0.190 0.001 0.171
ttt_random_ammo	-1042.965698 -577.104614 -159.629028	0.099 0.000 0.056
ttt_random_ammo	-1077.947998 -588.724182 -159.640472	0.063 -0.000 -0.006
ttt_random_ammo	-1077.393555 -552.838623 -159.640472	0.063 0.000 0.006
ttt_random_ammo	-1070.234375 -428.889374 -159.538071	-1.015 -0.026 1.225
ttt_random_ammo	-1068.333374 -371.423676 -159.672165	0.046 0.000 -0.031
ttt_random_ammo	-1005.965881 -400.947174 -111.644562	0.057 0.000 -0.004
ttt_random_ammo	-999.905090 -364.892700 -95.616035	0.242 0.001 0.236
ttt_random_ammo	-1002.517639 -436.093811 -127.677246	0.047 -0.000 0.033
ttt_random_ammo	-1003.804382 -469.034149 -127.620552	0.168 0.001 0.143
ttt_random_ammo	-1006.511108 -496.515350 -127.664734	0.046 -0.000 0.027
ttt_random_ammo	-1016.280945 -527.152222 -111.629417	-0.091 -0.000 0.045
ttt_random_ammo	-1009.605103 -565.367371 -95.646667	0.054 0.000 -0.008
ttt_random_ammo	-1007.563232 -940.545044 -95.622169	0.150 0.001 0.121
ttt_random_ammo	-1007.222107 -976.475830 -111.661613	-0.047 0.000 0.025
ttt_random_ammo	-1003.240479 -1005.942932 -127.644562	0.057 0.000 -0.004
ttt_random_ammo	-1005.690430 -1036.545166 -127.672157	0.046 0.000 -0.031
ttt_random_ammo	-1008.405884 -1066.672852 -127.642494	0.059 0.000 0.001
ttt_random_ammo	-1003.998718 -1102.405518 -111.600685	-0.545 0.004 -0.609
ttt_random_ammo	-1013.230591 -1132.482178 -95.613312	0.314 0.002 0.326
ttt_random_ammo	-907.645752 -1138.140625 272.372681	0.103 -0.000 -0.064
ttt_random_ammo	-909.284241 -1094.927856 272.342255	0.046 -0.000 0.021
ttt_random_ammo	-913.339233 -1065.091309 272.392670	0.668 -0.006 -0.760
ttt_random_ammo	-954.049438 -1064.293091 272.403107	1.657 -0.032 -1.978
ttt_random_ammo	-979.603088 -1069.727051 272.386749	0.301 0.002 0.311
ttt_random_ammo	-978.645630 -1106.986450 272.409119	1.556 0.035 1.854
ttt_random_ammo	-977.344727 -1138.320679 272.353302	0.052 0.000 -0.008
ttt_random_ammo	-942.153748 -1143.213867 272.348999	0.049 -0.000 0.014
ttt_random_ammo	-854.749207 -1306.727661 272.325226	0.045 0.000 -0.031
ttt_random_ammo	-857.786194 -1335.982666 272.377838	0.143 0.001 0.115
ttt_random_ammo	-893.347839 -1350.673828 272.359497	0.060 0.000 0.005
ttt_random_ammo	-934.995178 -1332.012573 272.335175	0.045 0.000 -0.026
ttt_random_ammo	-921.444031 -1283.310547 272.376160	0.129 0.000 0.096
ttt_random_ammo	-938.995239 -1302.205688 272.322662	0.045 0.000 -0.032
ttt_random_ammo	-892.684021 -1315.840942 272.412170	0.033 -0.042 0.694
ttt_random_ammo	-872.591187 -1286.988647 272.363464	0.068 0.000 0.016
ttt_random_ammo	-435.015778 -1235.817505 288.464417	-0.946 0.025 -1.144
ttt_random_ammo	-434.375946 -1260.113037 288.327881	0.046 -0.000 0.031
ttt_random_ammo	-426.597076 -1299.004395 288.446808	0.964 0.026 1.159
ttt_random_ammo	-429.288116 -1326.796631 288.370972	0.098 0.000 0.054
ttt_random_ammo	-429.909210 -1364.685303 288.394318	0.929 0.011 1.077
ttt_random_ammo	-429.473358 -1387.240112 288.370941	0.098 -0.000 -0.055
ttt_random_ammo	-432.724304 -1419.758911 288.317444	0.047 0.000 -0.035
ttt_random_ammo	-52.460014 -1166.165161 272.333557	-0.046 -0.000 -0.028
ttt_random_ammo	60.040485 -1166.411865 272.356354	-0.057 -0.000 -0.003
ttt_random_ammo	176.732712 -1163.104492 272.346832	0.050 0.000 -0.017
ttt_random_ammo	-278.011353 -1163.782837 272.397644	-0.469 -0.003 0.516
ttt_random_ammo	-372.927979 -1166.537842 272.408997	-0.932 -0.011 1.081
ttt_random_ammo	78.162331 -311.216553 160.355423	0.056 0.000 -0.004
ttt_random_ammo	80.298004 -108.230865 160.414917	1.613 0.035 1.943
ttt_random_ammo	82.530006 109.248055 160.379456	0.164 0.001 0.140
ttt_random_ammo	76.233322 262.636292 160.376190	0.131 0.000 0.099
ttt_random_ammo	-14.102748 372.604156 160.335953	-0.046 -0.000 -0.026
ttt_random_ammo	75.136581 -574.838562 160.325287	0.046 0.000 -0.032
weapon_zm_rifle	68.164436 590.815308 319.069092	3.748 12.650 64.874
weapon_zm_rifle	-441.432983 519.619751 159.122742	3.665 12.651 65.607
weapon_zm_rifle	219.355530 -1270.036621 479.060638	3.768 12.648 64.834
item_ammo_revolver_ttt	160.954849 -495.890625 32.330967	0.463 0.070 0.050
item_ammo_revolver_ttt	143.387482 -490.212982 32.365738	0.467 0.060 0.038
item_ammo_revolver_ttt	155.112762 -476.037628 32.434521	0.474 0.056 0.013
weapon_ttt_confgrenade	312.112427 -1382.546021 274.126892	-36.223 -49.766 -90.737
weapon_ttt_confgrenade	-13.547480 -1321.899170 482.059570	-35.338 -56.334 -89.215
weapon_ttt_confgrenade	-139.135147 -1243.894409 482.062927	-35.387 -56.288 -89.291
weapon_ttt_confgrenade	-232.223785 -1316.390625 482.161102	-36.823 -54.941 -91.578
weapon_ttt_confgrenade	-233.850250 -1463.398193 482.049194	-35.186 -56.439 -88.982
weapon_ttt_confgrenade	-111.287193 -1450.893311 482.099182	-35.917 -55.815 -90.118
weapon_ttt_confgrenade	-566.043396 -1320.512573 306.129211	-36.259 -49.732 -90.792
weapon_ttt_confgrenade	-514.812561 -1405.625488 306.114960	-36.040 -49.938 -90.456
weapon_ttt_confgrenade	-183.508392 -19.207371 50.115303	-36.046 -49.928 -90.464
weapon_ttt_confgrenade	-235.539246 66.953033 50.140388	-36.429 -49.564 -91.057
weapon_ttt_confgrenade	-969.516541 -823.415222 210.235413	-37.880 -48.029 -93.403
weapon_ttt_confgrenade	-667.672852 -868.939941 210.176163	-36.976 -49.018 -91.922
weapon_ttt_confgrenade	-595.958435 -870.410461 210.136124	-36.364 -49.632 -90.956
weapon_ttt_confgrenade	208.633453 -1330.947144 306.133636	-36.420 -55.339 -90.922
weapon_ttt_confgrenade	74.109146 -1242.328735 306.087952	-35.751 -55.969 -89.859
weapon_ttt_confgrenade	-59.457241 -1248.536621 306.126892	-36.321 -55.438 -90.763
weapon_ttt_confgrenade	-149.447723 -1457.480835 306.093719	-35.835 -55.890 -89.991
weapon_ttt_confgrenade	1015.788940 -322.931458 34.136230	-36.366 -49.621 -90.958
weapon_ttt_confgrenade	1184.583984 -357.063538 34.427574	13.968 -10.172 -95.977
weapon_ttt_confgrenade	1226.227539 -412.722565 34.138763	-36.404 -49.585 -91.019
weapon_ttt_confgrenade	1017.730164 -355.983215 34.621067	40.075 -81.475 -97.593
weapon_ttt_confgrenade	163.076706 -644.488708 160.748734	20.616 -15.234 -40.544
weapon_ttt_confgrenade	86.884491 -439.893433 162.087875	-35.752 -55.970 -89.857
weapon_ttt_confgrenade	80.767288 -195.826401 162.109894	-36.072 -55.669 -90.365
weapon_ttt_confgrenade	92.223892 5.265089 162.140930	-35.663 -15.303 -91.406
weapon_ttt_confgrenade	84.534622 180.836395 162.126877	-36.321 -55.438 -90.763
weapon_ttt_confgrenade	77.459602 371.227142 162.096481	-35.877 -55.849 -90.055
weapon_ttt_confgrenade	578.017822 -653.921509 162.038620	14.299 -31.362 -88.640
weapon_ttt_confgrenade	516.061523 -1440.731934 162.131439	-36.387 -55.372 -90.870
weapon_ttt_confgrenade	572.972656 -710.430786 162.107300	-36.034 -55.708 -90.305
weapon_ttt_confgrenade	584.707764 -672.825684 162.129181	-36.354 -55.406 -90.817
weapon_ttt_confgrenade	525.580688 -660.638184 162.087967	-35.751 -55.969 -89.859
weapon_zm_revolver	151.449478 -521.738464 32.970303	1.742 -19.198 -86.245
