# Trouble in Terrorist Town weapon/ammo placement overrides
# For map: ttt_lockout
# Exported by: amber
setting:	replacespawns 1
weapon_ttt_smokegrenade	-2572.381836 -732.951965 850.185730	-0.944 -1.548 -0.960
weapon_ttt_smokegrenade	-2559.615234 -810.872742 850.149353	-1.726 -1.377 -1.749
weapon_ttt_smokegrenade	-2541.026611 -767.734985 850.175415	-1.164 -1.521 -1.184
weapon_ttt_smokegrenade	-2592.958252 -756.447693 850.180115	-1.064 -1.538 -1.082
weapon_ttt_smokegrenade	-1673.472656 -894.051453 605.464844	19.731 37.356 -88.467
weapon_ttt_smokegrenade	-1684.284912 -880.800842 604.163635	-1.415 -1.487 -1.440
weapon_ttt_smokegrenade	-1718.118408 -922.709290 604.173706	-1.200 -1.521 -1.220
weapon_ttt_smokegrenade	-1705.303589 -944.634766 604.155151	-1.596 -1.414 -1.625
weapon_ttt_smokegrenade	-2045.609253 737.237061 1062.195190	-0.743 -1.561 -0.754
weapon_ttt_smokegrenade	-2009.725464 734.130615 1062.140381	-1.912 -1.293 -1.946
weapon_ttt_smokegrenade	-1985.228149 733.320801 1062.174561	-1.182 -1.521 -1.202
weapon_ttt_smokegrenade	-1957.727295 726.841431 1062.157349	-1.554 -1.444 -1.574
weapon_ttt_smokegrenade	-2025.535522 737.386536 1062.156250	-1.572 -1.414 -1.601
weapon_ttt_smokegrenade	-1045.078857 337.014160 459.154022	-1.620 -1.419 -1.649
weapon_ttt_smokegrenade	-1063.391968 340.990784 459.145630	-1.799 -1.352 -1.833
weapon_ttt_smokegrenade	-1093.659912 337.927399 459.156281	-1.572 -1.414 -1.600
ttt_random_weapon	-1702.134766 -1053.653931 1132.882324	7.344 -5.044 -60.238	auto_ammo 2
ttt_random_weapon	-1666.762695 -900.844421 1132.880737	7.426 -5.045 -60.246	auto_ammo 2
ttt_random_weapon	-1920.560547 -859.554810 1132.880615	7.531 -5.050 -60.291	auto_ammo 2
ttt_random_weapon	-1980.534912 329.613525 842.882141	7.355 -5.043 -60.239	auto_ammo 2
ttt_random_weapon	-1987.789673 273.811859 842.881653	7.380 -5.044 -60.242	auto_ammo 2
ttt_random_weapon	-1597.471313 503.083801 842.880798	7.423 -5.045 -60.246	auto_ammo 2
ttt_random_weapon	-1522.174194 498.655609 842.881470	7.391 -5.044 -60.243	auto_ammo 2
ttt_random_weapon	-1429.036865 499.319519 842.879639	7.501 -5.053 -60.260	auto_ammo 2
ttt_random_weapon	-1422.408936 438.741760 842.880066	7.463 -5.047 -60.250	auto_ammo 2
ttt_random_weapon	-1417.680786 382.283356 844.134399	9.101 -11.369 -98.558	auto_ammo 2
ttt_random_weapon	-1416.794434 100.894691 842.881836	7.370 -5.044 -60.241	auto_ammo 2
ttt_random_weapon	-1413.809570 35.226749 842.881287	7.398 -5.045 -60.243	auto_ammo 2
ttt_random_weapon	-1408.125854 -24.726206 842.880188	7.456 -5.047 -60.249	auto_ammo 2
ttt_random_weapon	-1500.034058 -40.257748 842.880432	7.443 -5.046 -60.248	auto_ammo 2
ttt_random_weapon	-1584.069580 -38.859703 842.880432	7.443 -5.046 -60.248	auto_ammo 2
ttt_random_weapon	-987.759216 408.003235 888.130920	9.108 -12.358 -98.144	auto_ammo 2
ttt_random_weapon	-915.211792 407.131104 886.880981	7.412 -5.045 -60.245	auto_ammo 2
ttt_random_weapon	-888.496643 48.169201 888.132996	9.098 -11.337 -98.359	auto_ammo 2
ttt_random_weapon	-970.428955 67.562309 886.882385	7.342 -5.044 -60.238	auto_ammo 2
ttt_random_weapon	-449.822113 182.815887 429.730225	6.964 -11.979 -59.130	auto_ammo 2
ttt_random_weapon	-1804.841797 228.713257 239.880798	7.423 -5.089 -60.246	auto_ammo 2
ttt_random_weapon	-1606.638672 236.971161 241.135178	9.110 -11.409 -98.704	auto_ammo 2
ttt_random_weapon	-1483.130493 233.167053 241.129791	9.132 -11.321 -98.093	auto_ammo 2
ttt_random_weapon	-1401.245361 233.244949 241.132553	9.153 -11.384 -98.528	auto_ammo 2
ttt_random_weapon	-1269.667603 251.488052 264.448669	-20.191 26.689 115.133	auto_ammo 2
ttt_random_weapon	-1740.537598 149.588669 629.881775	7.375 -5.044 -60.241	auto_ammo 2
ttt_random_weapon	-1708.685303 343.639587 629.881287	7.397 -5.044 -60.243	auto_ammo 2
ttt_random_weapon	-1894.806030 344.691528 629.880676	7.428 -5.045 -60.247	auto_ammo 2
ttt_random_weapon	-1877.648804 100.160362 629.879883	7.469 -5.048 -60.251	auto_ammo 2
ttt_random_weapon	-2415.407227 -181.240555 496.881195	7.402 -5.044 -60.244	auto_ammo 2
ttt_random_weapon	-2483.934326 -847.305847 498.127136	9.215 -5.740 -98.081	auto_ammo 2
ttt_random_weapon	-2484.494629 -586.530701 496.881531	7.386 -5.044 -60.242	auto_ammo 2
ttt_random_weapon	-1936.166016 -658.976196 607.881897	7.366 -5.044 -60.240	auto_ammo 2
ttt_random_weapon	-1654.095459 -634.998291 607.881409	7.541 -5.047 -60.309	auto_ammo 2
ttt_random_weapon	-1651.970703 -749.929382 607.880920	7.417 -5.045 -60.245	auto_ammo 2
ttt_random_weapon	-1640.788452 -862.364746 607.881165	7.402 -5.044 -60.244	auto_ammo 2
ttt_random_weapon	-1768.787109 -940.678833 607.881409	7.393 -5.044 -60.243	auto_ammo 2
ttt_random_weapon	-1863.362183 -925.161255 607.882629	7.328 -5.043 -60.236	auto_ammo 2
ttt_random_weapon	-1885.799072 -676.319702 853.879883	7.469 -5.048 -60.251	auto_ammo 2
ttt_random_weapon	-1933.540894 -960.149170 853.880249	7.523 -5.054 -60.281	auto_ammo 2
ttt_random_weapon	-1662.350586 -969.768494 853.881409	7.393 -5.044 -60.243	auto_ammo 2
ttt_random_weapon	-1662.591309 -636.748840 853.879639	7.492 -5.049 -60.256	auto_ammo 2
ttt_random_weapon	-1661.262817 -735.053406 853.881226	7.402 -5.044 -60.244	auto_ammo 2
ttt_random_weapon	-1388.413208 -1328.337036 953.579163	-43.521 -1.757 -74.629	auto_ammo 2
ttt_random_weapon	-1882.826904 -1372.349854 1076.881226	7.402 -5.045 -60.244	auto_ammo 2
ttt_random_weapon	-2398.931885 -1368.543823 950.133789	9.101 -11.356 -98.476	auto_ammo 2
ttt_random_weapon	-2620.406250 -672.337646 853.881714	7.378 -5.044 -60.241	auto_ammo 2
ttt_random_weapon	-2510.459229 -851.158630 853.880432	7.443 -5.046 -60.248	auto_ammo 2
ttt_random_weapon	-2601.512939 -172.511215 853.880676	7.531 -5.050 -60.292	auto_ammo 2
ttt_random_weapon	-2581.168213 -46.125408 853.882507	7.338 -5.043 -60.237	auto_ammo 2
ttt_random_weapon	-2480.445068 45.371449 853.882080	7.358 -5.044 -60.240	auto_ammo 2
ttt_random_weapon	-1681.235229 1003.304626 887.232605	10.121 1.676 -69.352	auto_ammo 2
ttt_random_weapon	-1677.474243 1066.302246 888.120789	9.250 1.216 -97.471	auto_ammo 2
ttt_random_weapon	-1672.336304 1140.292603 887.950073	0.384 -30.877 125.214	auto_ammo 2
ttt_random_weapon	-2304.210693 1379.176147 886.881958	7.364 -5.044 -60.240	auto_ammo 2
ttt_random_weapon	-2316.969727 1229.527710 886.881714	7.378 -5.044 -60.241	auto_ammo 2
ttt_random_weapon	-2061.699219 1002.820007 886.880432	7.440 -5.045 -60.248	auto_ammo 2
ttt_random_weapon	-2339.679199 663.001343 976.880066	7.459 -5.047 -60.250	auto_ammo 2
ttt_random_weapon	-529.581482 1140.920776 440.882599	7.332 -5.043 -60.237	auto_ammo 2
ttt_random_weapon	-645.752014 1122.948486 440.883087	7.307 -5.043 -60.234	auto_ammo 2
ttt_random_weapon	-1503.586304 -414.769592 663.880493	7.437 -5.045 -60.247	auto_ammo 2
ttt_random_weapon	-1868.000244 -217.241058 552.880920	7.417 -5.045 -60.245	auto_ammo 2
ttt_random_weapon	-2107.042480 1071.589600 652.880798	7.423 -5.045 -60.246	auto_ammo 2
ttt_random_weapon	-2065.362305 1119.216675 652.881165	7.404 -5.044 -60.244	auto_ammo 2
ttt_random_weapon	-2080.004639 1016.176270 652.880554	7.437 -5.045 -60.247	auto_ammo 2
ttt_random_weapon	-1694.173462 1368.401367 652.881348	7.395 -5.044 -60.243	auto_ammo 2
ttt_random_weapon	-587.250366 200.706604 351.860901	7.074 -10.562 -59.753	auto_ammo 2
ttt_random_weapon	-585.798157 259.081116 351.771729	6.951 -19.365 -59.355	auto_ammo 2
ttt_random_weapon	-449.023743 258.354462 430.909058	0.169 -7.410 125.457	auto_ammo 2
ttt_random_weapon	-2643.423584 -775.694275 853.880554	7.437 -5.045 -60.247	auto_ammo 2
ttt_random_weapon	-554.169250 370.936249 886.881470	7.388 -5.044 -60.242	auto_ammo 2
ttt_random_weapon	-540.211121 61.450775 886.881104	7.407 -5.044 -60.244	auto_ammo 2
ttt_random_weapon	-1768.075439 1360.686768 652.882751	7.325 -5.043 -60.236	auto_ammo 2
ttt_random_weapon	-1459.057373 -1347.546875 948.880493	7.440 -5.046 -60.248	auto_ammo 2
ttt_random_weapon	-1506.282104 -462.170074 663.879639	7.506 -5.055 -60.263	auto_ammo 2
ttt_random_weapon	-2304.959717 1312.173828 886.881042	7.410 -5.045 -60.245	auto_ammo 2
weapon_zm_molotov	-2054.888672 828.510315 1062.145630	-1.799 -1.352 -1.833
weapon_zm_molotov	-1878.484497 912.559509 928.136230	-2.006 -1.231 -2.033
weapon_zm_molotov	-1063.800781 334.030243 922.168457	-1.313 -1.505 -1.336
weapon_zm_molotov	-1433.036621 -369.790466 704.155151	-1.596 -1.414 -1.625
weapon_zm_molotov	-2242.839600 -746.174683 894.163635	-1.415 -1.487 -1.440
weapon_zm_molotov	-2520.762207 -122.049538 537.156311	-1.572 -1.414 -1.601
weapon_zm_molotov	-1257.206665 112.487076 459.149323	-1.720 -1.377 -1.752
weapon_zm_molotov	-1169.349731 107.512672 459.136261	-2.006 -1.231 -2.033
weapon_zm_molotov	-1211.487549 110.257278 459.151733	-1.669 -1.412 -1.700
weapon_zm_molotov	-1577.576416 1127.617188 693.146851	-1.773 -1.379 -1.806
item_ammo_357_ttt	-1755.894653 -691.296631 1129.312378	0.447 0.073 0.063
item_ammo_357_ttt	-1723.184326 -699.941406 1129.368408	0.458 0.057 0.041
item_ammo_357_ttt	-1753.582275 -713.936829 1129.365356	0.457 0.058 0.042
item_ammo_357_ttt	-1985.483398 546.676697 1062.374390	0.459 0.057 0.038
item_ammo_357_ttt	-2032.405029 565.112976 1062.351807	0.454 0.060 0.047
item_ammo_357_ttt	-1956.975830 583.853271 1062.362061	0.456 0.058 0.043
item_ammo_357_ttt	-2319.974121 -388.914978 816.368469	0.458 0.057 0.041
item_ammo_357_ttt	-2325.820313 -466.815247 816.371460	0.458 0.057 0.040
item_ammo_357_ttt	-2348.915771 -424.162506 816.358765	0.456 0.060 0.045
weapon_zm_rifle	-1806.106567 -687.890503 1128.133911	3.634 12.637 65.620
weapon_zm_rifle	-1999.942383 589.229919 1061.180176	3.506 12.597 65.671
weapon_zm_rifle	-2303.625244 -415.238647 815.144104	3.606 12.626 65.631
weapon_ttt_glock	-1427.000000 -144.180115 884.109741	-0.638 25.855 91.203
weapon_ttt_glock	-1486.159912 587.943787 884.102539	-0.192 19.013 90.318
weapon_ttt_glock	-1332.392090 410.012177 884.035278	-0.290 25.692 89.945
weapon_ttt_glock	-1358.997314 -972.101807 895.109070	-0.598 25.858 91.124
weapon_ttt_glock	-1610.267334 1021.087524 929.102966	-0.434 26.629 90.653
ttt_playerspawn	-1862.088867 36.078362 839.527832	-0.070 -0.000 0.070
ttt_playerspawn	-1720.246582 24.867680 839.575562	-0.024 0.000 0.023
ttt_playerspawn	-1554.545410 110.064781 839.512268	-0.086 -0.000 0.086
ttt_playerspawn	-1563.724976 336.451752 839.582458	0.018 0.000 0.017
ttt_playerspawn	-1800.122925 411.018799 839.547424	-0.051 -0.000 0.051
ttt_playerspawn	-1678.732910 372.217163 839.564453	-0.035 -0.000 0.035
ttt_playerspawn	-1564.725586 224.811432 839.547424	-0.051 -0.000 0.051
ttt_playerspawn	-1771.827271 1055.734131 883.552673	-0.046 -0.000 0.046
ttt_playerspawn	-2308.748047 1042.141724 883.547424	-0.051 -0.000 0.051
ttt_playerspawn	-1746.931885 1279.232422 649.518616	-0.080 -0.000 0.080
ttt_playerspawn	-624.102539 1012.108887 437.534088	-0.064 -0.000 0.064
ttt_playerspawn	-860.576599 241.062164 883.536987	-0.062 -0.000 0.061
ttt_playerspawn	-581.896423 248.620590 883.544128	-0.055 -0.000 0.054
ttt_playerspawn	-1449.038940 -954.552551 850.560425	0.018 -0.087 0.105
ttt_playerspawn	-1787.194214 -810.216614 850.514832	-0.083 -0.000 0.083
ttt_playerspawn	-1788.249390 -966.369080 1129.527832	-0.070 -0.000 0.070
ttt_playerspawn	-2455.674561 -746.010803 850.551208	-0.048 -0.000 0.048
ttt_playerspawn	-2468.970459 -462.577911 816.539795	0.059 0.000 0.059
ttt_playerspawn	-2462.222900 -94.610565 850.526733	-0.072 -0.000 0.072
ttt_playerspawn	-2471.497803 -436.429077 493.548950	-0.050 -0.000 0.050
ttt_playerspawn	-1802.844360 -741.294312 604.520996	-0.077 0.000 -0.077
ttt_playerspawn	-2446.140869 -706.765320 493.543274	-0.055 -0.000 0.055
ttt_playerspawn	-1798.704468 232.118698 626.538879	-0.060 -0.000 0.060
ttt_playerspawn	-1011.901367 226.418839 292.537933	-0.224 0.009 -0.027
ttt_playerspawn	-1917.289307 1023.906433 649.563354	-0.036 -0.000 0.036
ttt_playerspawn	-1700.952148 -796.692627 1129.541504	-0.057 -0.000 0.057
ttt_playerspawn	-2017.831177 648.676086 1062.592163	0.205 0.001 0.229
ttt_playerspawn	-1727.374146 1039.286621 649.553406	-0.045 -0.000 0.045
ttt_playerspawn	-870.481445 218.771515 292.554779	-0.044 -0.000 0.044
ttt_playerspawn	-297.476288 379.942200 426.574432	0.081 -169.054 -0.001
ttt_playerspawn	-288.550964 68.096870 426.561768	-0.123 170.503 -0.002
ttt_playerspawn	-1789.327881 -693.811157 850.522217	-0.076 -0.000 0.076
ttt_playerspawn	-2186.866455 1060.027222 883.532043	0.066 0.000 0.066
item_ammo_revolver_ttt	-2093.440186 501.018677 883.332520	0.451 0.065 0.055
item_ammo_revolver_ttt	-2097.828857 545.958801 883.380005	0.460 0.056 0.036
item_ammo_revolver_ttt	-2115.394775 523.386414 883.355347	0.455 0.060 0.046
item_ammo_revolver_ttt	-1867.704346 -1417.423096 1140.349976	0.454 0.062 0.048
item_ammo_revolver_ttt	-1820.487061 -1419.437256 1140.412964	0.466 0.054 0.023
item_ammo_revolver_ttt	-1063.116943 1.167947 922.366882	0.457 0.058 0.041
item_ammo_revolver_ttt	-1031.889648 -37.331963 922.368469	0.458 0.057 0.041
item_ammo_revolver_ttt	-469.377289 1178.679810 481.326080	0.449 0.068 0.058
item_ammo_revolver_ttt	-441.869781 1158.063599 481.382690	0.460 0.056 0.035
item_ammo_revolver_ttt	-1276.448853 332.627594 459.321686	0.449 0.068 0.059
item_ammo_revolver_ttt	-1221.641724 338.336975 459.377319	1.027 -0.002 -0.046
weapon_zm_pistol	-1328.772949 -96.731560 883.876038	1.189 -37.238 -88.991
weapon_zm_pistol	-1574.375977 -144.613541 883.887024	1.069 -37.231 -89.072
weapon_zm_pistol	-1691.709961 -315.339935 888.725159	-0.645 -31.657 -89.513
weapon_zm_pistol	-2264.196045 1447.020508 927.906982	0.851 -37.212 -89.218
weapon_zm_pistol	-2401.259277 1084.050659 927.903320	0.891 -37.213 -89.192
item_ammo_pistol_ttt	-1741.409790 920.814575 883.433044	-1.736 17.249 -0.135
item_ammo_pistol_ttt	-1723.527466 915.332947 883.358582	-0.122 -0.019 -0.037
item_ammo_pistol_ttt	-1796.538330 918.140015 883.498657	-0.000 16.761 -0.000
item_ammo_pistol_ttt	-1324.261719 -53.224583 886.351807	-89.028 -171.399 -178.875
item_ammo_pistol_ttt	-1337.563232 -111.788765 886.238220	89.998 129.460 180.000
item_ammo_pistol_ttt	-1549.182129 -139.404037 883.364807	-0.117 -0.019 -0.035
item_ammo_pistol_ttt	-1600.741089 -141.960236 883.466187	-0.612 28.807 0.177
item_ammo_pistol_ttt	-1695.432617 -293.208588 887.710022	0.302 0.040 -1.834
item_ammo_pistol_ttt	-1691.900513 -346.267914 889.291687	0.595 0.046 -1.897
item_ammo_pistol_ttt	-1408.408691 -143.423798 883.381836	-0.102 -0.020 -0.031
item_ammo_pistol_ttt	-1451.896729 -135.707169 886.205688	89.833 -129.089 -0.009
item_ammo_pistol_ttt	-1509.400391 592.882202 886.308411	89.519 150.677 -167.325
item_ammo_pistol_ttt	-1470.645752 584.446716 886.255676	89.312 -155.468 -156.329
item_ammo_pistol_ttt	-1326.561279 434.339661 886.355286	-88.997 178.203 -177.603
item_ammo_pistol_ttt	-1326.308594 388.807068 883.374573	-0.108 -0.019 -0.033
item_ammo_pistol_ttt	-1356.765747 -997.546509 894.354309	-0.126 -0.019 -0.038
item_ammo_pistol_ttt	-1357.652710 -947.690552 894.402649	-0.084 -0.020 -0.025
item_ammo_pistol_ttt	-1610.011230 997.019775 928.356445	-0.124 -0.019 -0.038
item_ammo_pistol_ttt	-1610.523804 1051.187378 928.380066	-0.104 -0.020 -0.031
item_ammo_pistol_ttt	-2292.951416 1445.323486 927.369690	-0.091 -0.007 -0.020
item_ammo_pistol_ttt	-2243.847900 1445.229126 927.369446	-0.109 -0.017 -0.027
item_ammo_pistol_ttt	-2397.040039 1110.474854 927.349854	-0.130 -0.019 -0.039
item_ammo_pistol_ttt	-2397.236572 1043.162842 927.342957	-0.136 -0.019 -0.041
weapon_ttt_m16	-1777.103149 926.741211 883.906006	2.167 87.674 84.837
weapon_ttt_confgrenade	-1055.270874 226.419632 885.129700	-36.266 -49.745 -90.803
weapon_ttt_confgrenade	-1340.204590 247.127350 841.172546	-36.921 -49.079 -91.833
weapon_ttt_confgrenade	-1790.647583 -654.270142 1131.201904	-37.369 -48.594 -92.557
weapon_ttt_confgrenade	-1980.734253 568.494568 1064.164429	-36.797 -49.204 -91.636
weapon_ttt_confgrenade	-2309.866211 -446.126465 818.141663	-36.449 -49.555 -91.088
weapon_ttt_confgrenade	-2310.138428 -403.028168 818.172485	-36.919 -49.080 -91.831
weapon_ttt_confgrenade	-1109.890869 119.817566 461.142395	-36.460 -49.537 -91.105
weapon_ttt_confgrenade	-1084.076294 114.064545 461.139465	-36.415 -49.579 -91.036
weapon_ttt_confgrenade	-1043.654053 120.074692 461.124878	-36.192 -49.795 -90.689
weapon_zm_revolver	-2099.595947 520.350769 883.970581	1.975 -18.746 -85.839
weapon_zm_revolver	-1850.713989 -1422.284302 1140.970703	2.098 -18.687 -85.625
weapon_zm_revolver	-1060.810791 -24.268833 922.970642	2.020 -18.723 -85.760
weapon_zm_revolver	-447.075897 1177.433594 481.970612	2.000 -18.733 -85.794
weapon_zm_revolver	-1244.935669 328.634155 459.970520	1.922 -18.794 -85.931
