# Trouble in Terrorist Town weapon/ammo placement overrides
# For map: ttt_xmas_nipperhouse
# Exported by: amber
setting:	replacespawns 0
ttt_random_weapon	-2202.445557 -1652.299805 452.135803	1.424 -58.136 -101.825	auto_ammo 2
ttt_random_weapon	-2335.317627 -1617.664917 454.730164	10.486 -10.309 -97.407	auto_ammo 2
ttt_random_weapon	-2350.689697 -1510.985962 464.142578	14.377 -9.194 -53.530	auto_ammo 2
ttt_random_weapon	-2378.967285 -1368.749512 472.346710	19.519 -16.631 -97.614	auto_ammo 2
ttt_random_weapon	-2040.387329 -1228.298462 181.132751	9.137 -13.020 -98.491	auto_ammo 2
ttt_random_weapon	-2036.077759 -1272.926025 181.130280	9.120 -12.961 -98.108	auto_ammo 2
ttt_random_weapon	-1411.192749 -1128.905762 2.868722	11.913 -4.294 -68.836	auto_ammo 2
ttt_random_weapon	-1412.402222 -1178.185303 1.492873	8.307 -3.846 -59.570	auto_ammo 2
ttt_random_weapon	-1134.109497 -1114.973389 -21.299549	-7.672 13.217 131.115	auto_ammo 2
ttt_random_weapon	-1136.859741 -1172.602051 -24.135588	-1.448 -1.325 -68.226	auto_ammo 2
ttt_random_weapon	251.677963 -1609.009644 -21.812084	-0.756 -11.370 -27.826	auto_ammo 2
ttt_random_weapon	296.717163 -1603.364746 -17.750164	-11.089 14.509 122.403	auto_ammo 2
ttt_random_weapon	223.328506 -1659.251099 -24.881018	-16.933 -83.784 129.073	auto_ammo 2
ttt_random_weapon	248.010147 -1658.103638 -22.184155	-5.424 -14.393 -100.277	auto_ammo 2
ttt_random_weapon	-557.317383 -1636.388672 -47.926613	1.428 -24.075 112.192	auto_ammo 2
ttt_random_weapon	-664.301453 -1631.863525 -46.061916	-5.024 1.286 -1.352	auto_ammo 2
ttt_random_weapon	-594.406860 -1588.890015 -47.214367	9.834 -8.543 -49.332	auto_ammo 2
ttt_random_weapon	-624.804932 -1644.781738 -45.446217	5.542 -2.054 -59.383	auto_ammo 2
ttt_random_weapon	-586.678650 -773.539795 6.156258	11.029 -7.441 -53.643	auto_ammo 2
ttt_random_weapon	-530.904541 -726.676331 6.359103	10.418 -5.799 -54.114	auto_ammo 2
ttt_random_weapon	-564.955383 -743.834351 7.614615	11.581 -3.419 -54.095	auto_ammo 2
ttt_random_weapon	185.163757 -321.664307 -17.449631	-0.161 -17.721 -46.708	auto_ammo 2
ttt_random_weapon	274.921539 -361.384827 -20.097347	0.430 2.359 137.067	auto_ammo 2
ttt_random_weapon	375.060486 -359.775574 -14.048568	-4.773 5.926 -44.452	auto_ammo 2
ttt_random_weapon	555.283752 506.794739 -13.989438	10.455 -11.865 -94.238	auto_ammo 2
ttt_random_weapon	530.696045 501.625305 -14.862746	8.174 -10.007 -94.122	auto_ammo 2
ttt_random_weapon	94.066132 1161.104980 -16.077328	9.046 -10.852 -98.056	auto_ammo 2
ttt_random_weapon	207.719894 1163.903320 -19.674133	7.757 -11.339 -99.396	auto_ammo 2
ttt_random_weapon	329.652954 1171.281006 -18.254234	6.063 -8.459 -98.577	auto_ammo 2
ttt_random_weapon	275.033020 1162.124023 -18.653080	8.346 -7.363 -67.252	auto_ammo 2
ttt_random_weapon	154.981781 1164.158447 -18.756685	13.099 -9.591 -70.791	auto_ammo 2
ttt_random_weapon	485.081970 1068.849243 -17.770142	9.581 -12.205 -99.380	auto_ammo 2
ttt_random_weapon	500.702087 995.366577 -16.151480	11.354 -4.817 -69.085	auto_ammo 2
ttt_random_weapon	505.324921 915.805847 -17.057899	11.649 -11.518 -90.681	auto_ammo 2
ttt_random_weapon	494.491333 860.800598 -16.097845	10.489 -12.249 -97.772	auto_ammo 2
ttt_random_weapon	494.698700 794.080688 -19.106873	7.903 -4.933 -57.812	auto_ammo 2
ttt_random_weapon	491.111023 732.798889 -23.150852	6.816 -2.400 -57.501	auto_ammo 2
ttt_random_weapon	-270.574371 870.771729 -24.118938	7.410 -5.045 -60.245	auto_ammo 2
ttt_random_weapon	-256.407410 928.886108 -24.120272	7.480 -5.048 -60.253	auto_ammo 2
ttt_random_weapon	-253.212158 991.619019 -24.119480	7.437 -5.045 -60.247	auto_ammo 2
ttt_random_weapon	-153.925842 1016.227905 -24.119659	7.446 -5.046 -60.248	auto_ammo 2
ttt_random_weapon	408.192810 103.989281 149.131729	9.121 -12.988 -98.291	auto_ammo 2
ttt_random_weapon	415.082916 76.072060 149.132645	9.135 -13.016 -98.466	auto_ammo 2
ttt_random_weapon	260.765839 220.407867 150.240402	7.855 -13.744 -115.916	auto_ammo 2
ttt_random_weapon	259.666595 209.021271 147.875641	7.521 -5.763 -60.965	auto_ammo 2
ttt_random_weapon	-108.821991 -110.744461 150.791687	6.909 -16.363 -127.774	auto_ammo 2
ttt_random_weapon	-117.736229 -118.786499 147.846359	6.295 -24.811 -53.510	auto_ammo 2
ttt_random_weapon	-93.397469 -187.808426 148.812057	10.809 -8.421 -86.006	auto_ammo 2
ttt_random_weapon	-82.878906 -202.610992 149.134689	9.095 -12.081 -98.573	auto_ammo 2
ttt_random_weapon	-111.143074 190.822540 178.138779	9.068 -11.431 -99.032	auto_ammo 2
ttt_random_weapon	-115.966812 165.714493 178.109253	9.127 -11.285 -98.472	auto_ammo 2
ttt_random_weapon	6.369243 -99.772934 149.132904	9.129 -13.016 -98.477	auto_ammo 2
ttt_random_weapon	-113.055939 510.545868 173.068085	9.127 -7.252 -96.699	auto_ammo 2
ttt_random_weapon	-105.220207 497.984772 171.868958	7.537 -1.906 -60.749	auto_ammo 2
ttt_random_weapon	93.721596 209.084213 148.275024	10.284 1.168 -69.306	auto_ammo 2
ttt_random_weapon	-119.257446 95.794472 167.333832	1.275 0.401 -16.350	auto_ammo 2
ttt_random_weapon	412.348236 -189.595795 149.128983	9.112 -12.930 -97.919	auto_ammo 2
ttt_random_weapon	313.107147 -180.911072 173.117065	9.113 -11.251 -98.242	auto_ammo 2
ttt_random_weapon	311.331482 -205.103714 173.118942	9.109 -11.225 -98.073	auto_ammo 2
ttt_random_weapon	223.605942 -202.767883 149.119690	9.286 -12.794 -97.477	auto_ammo 2
ttt_random_weapon	394.831329 -22.486235 293.132965	9.138 -13.025 -98.524	auto_ammo 2
ttt_random_weapon	400.736633 -60.461510 293.130920	9.125 -12.977 -98.209	auto_ammo 2
ttt_random_weapon	402.413330 13.819698 293.131073	9.126 -12.981 -98.232	auto_ammo 2
ttt_random_weapon	204.003876 -135.555222 293.132538	9.136 -13.016 -98.460	auto_ammo 2
ttt_random_weapon	230.493729 -103.508247 293.132172	9.134 -13.007 -98.400	auto_ammo 2
ttt_random_weapon	56.910744 141.673187 293.130615	9.124 -12.970 -98.164	auto_ammo 2
ttt_random_weapon	127.798141 139.813187 293.127960	9.107 -12.910 -97.783	auto_ammo 2
ttt_random_weapon	330.563141 132.854614 293.129547	9.102 -12.931 -97.953	auto_ammo 2
ttt_random_weapon	-233.140167 -92.241150 -27.076471	-0.260 -27.010 124.924	auto_ammo 2
ttt_random_weapon	-230.011932 -143.797668 -27.067713	-0.406 -31.776 125.479	auto_ammo 2
ttt_random_weapon	-209.529404 -213.818192 -25.617292	7.440 81.638 -120.358	auto_ammo 2
ttt_random_weapon	-367.078094 -132.188477 -28.139708	7.155 27.164 -59.777	auto_ammo 2
ttt_random_weapon	-374.345917 -164.628052 -28.117641	7.447 -6.196 -60.283	auto_ammo 2
ttt_random_weapon	-376.265656 -244.958038 -27.057714	0.104 13.787 124.674	auto_ammo 2
ttt_random_weapon	-285.183655 -272.296509 -28.118792	7.402 -5.044 -60.244	auto_ammo 2
ttt_random_weapon	383.741669 143.972519 41.133549	9.093 -12.486 -98.413	auto_ammo 2
ttt_random_weapon	382.394775 122.216858 41.126358	9.214 -12.624 -97.984	auto_ammo 2
ttt_random_weapon	119.101318 167.254684 5.134767	9.125 -11.273 -98.711	auto_ammo 2
ttt_random_weapon	189.629959 162.211395 5.134496	9.124 -11.267 -98.671	auto_ammo 2
ttt_random_weapon	-81.967133 405.135376 39.128120	9.118 -12.570 -97.838	auto_ammo 2
ttt_random_weapon	-79.206039 383.757874 39.133297	9.117 -11.867 -98.479	auto_ammo 2
ttt_random_weapon	-93.594360 507.318024 5.131406	9.114 -11.197 -98.224	auto_ammo 2
ttt_random_weapon	-45.387180 509.434296 5.135887	9.130 -11.301 -98.890	auto_ammo 2
ttt_random_weapon	251.820343 476.174683 5.130282	9.109 -11.174 -98.064	auto_ammo 2
ttt_random_weapon	324.085266 472.630493 5.126267	9.096 -11.094 -97.549	auto_ammo 2
ttt_random_weapon	233.376221 319.081390 5.133236	9.120 -11.238 -98.484	auto_ammo 2
ttt_random_weapon	425.060181 -215.796112 5.130228	9.108 -11.172 -98.056	auto_ammo 2
ttt_random_weapon	-282.117889 -789.172607 -26.877996	9.209 -45.920 -97.467	auto_ammo 2
ttt_random_weapon	-143.664124 -756.630310 -26.575453	-2.046 -16.024 -97.025	auto_ammo 2
ttt_random_weapon	-201.588165 -556.125427 -26.868452	9.161 151.762 -98.429	auto_ammo 2
ttt_random_weapon	-341.763184 -556.904419 -27.201565	10.885 -15.161 -85.499	auto_ammo 2
ttt_random_weapon	-1529.557861 260.993866 525.197693	9.728 -7.072 -70.722	auto_ammo 2
ttt_random_weapon	-1456.236206 -81.634293 550.607971	-9.611 -7.582 113.534	auto_ammo 2
ttt_random_weapon	-981.738098 596.000793 163.811478	12.123 -13.561 -64.924	auto_ammo 2
ttt_random_weapon	-691.467224 637.703491 173.132309	9.123 -12.954 -98.376	auto_ammo 2
ttt_random_weapon	-701.729614 575.684448 173.132690	9.156 -13.167 -98.556	auto_ammo 2
ttt_random_weapon	-708.750549 717.952759 29.129349	9.114 -12.938 -97.971	auto_ammo 2
ttt_random_weapon	-698.820313 791.071411 29.128153	9.108 -12.912 -97.806	auto_ammo 2
ttt_random_weapon	-53.553635 -245.485519 5.132801	9.119 -11.228 -98.422	auto_ammo 2
weapon_zm_molotov	482.164124 -112.147560 4.155170	-1.596 -1.414 -1.625
weapon_zm_molotov	480.515991 -125.148376 4.167501	-1.333 -1.499 -1.356
weapon_zm_molotov	482.516907 -145.161835 4.134851	-2.030 -1.256 -2.068
item_box_buckshot_ttt	-46.952324 7.786482 288.487579	-0.681 -0.006 0.816
item_box_buckshot_ttt	-36.328636 57.052017 288.463837	0.376 -0.006 0.315
item_ammo_357_ttt	-931.980835 -1119.625732 367.160645	-10.994 -8.499 18.616
item_ammo_357_ttt	-917.151062 -1128.262817 365.957642	0.859 3.869 27.428
ttt_random_ammo	391.580780 402.573059 22.025385	0.040 0.000 -0.037
ttt_random_ammo	374.985352 488.573608 24.138817	0.057 -0.000 -0.005
ttt_random_ammo	298.831299 526.650818 29.325628	1.294 0.035 1.581
ttt_random_ammo	320.557007 516.718445 29.231585	0.041 0.000 -0.025
ttt_random_ammo	114.833870 432.510437 0.343646	0.348 0.003 0.284
ttt_random_ammo	142.698288 428.136658 0.377748	0.293 0.003 0.191
ttt_random_ammo	169.230042 452.139923 0.384448	0.297 0.003 0.154
ttt_random_ammo	186.155884 474.290802 0.366756	0.304 0.003 0.230
ttt_random_ammo	164.894669 499.814301 11.882304	1.122 0.013 1.153
ttt_random_ammo	144.707870 456.515442 7.869131	0.326 0.001 0.150
ttt_random_ammo	102.191429 451.507690 11.881737	0.978 0.009 0.975
ttt_random_ammo	89.921768 420.479126 0.387609	0.303 0.003 0.131
ttt_random_ammo	-139.954300 256.084991 44.400181	-0.305 -0.003 0.081
ttt_random_ammo	-140.073868 285.271606 44.355762	-0.325 -0.003 0.264
ttt_random_ammo	31.147785 436.698669 40.227993	-0.050 -0.000 -0.006
ttt_random_ammo	181.429031 268.482117 40.260223	1.938 -0.006 -1.559
ttt_random_ammo	288.622192 203.583206 36.351486	-0.334 -0.003 0.273
ttt_random_ammo	202.216324 232.600952 38.359276	0.302 0.003 0.244
ttt_random_ammo	473.044861 -37.510582 31.329115	0.045 0.000 -0.038
ttt_random_ammo	474.326111 -52.490925 31.341002	0.041 0.000 -0.036
weapon_zm_rifle	-918.779236 -1139.942871 368.251587	3.223 -12.578 146.833
weapon_ttt_glock	23.376299 955.088684 -22.009233	-4.782 25.709 89.947
weapon_ttt_glock	48.122196 863.028748 -25.771923	-7.138 23.580 95.471
weapon_ttt_glock	50.688976 949.993774 -21.091887	-3.399 25.923 91.712
item_ammo_revolver_ttt	-4.159832 -87.320702 288.435638	0.887 -0.025 -0.502
item_ammo_revolver_ttt	31.532246 -109.931953 288.423431	1.031 -0.030 -0.679
item_ammo_revolver_ttt	5.528490 95.731407 0.411067	1.163 -0.036 -0.849
item_ammo_revolver_ttt	14.218205 93.885948 0.421644	1.041 -0.029 -0.698
item_ammo_revolver_ttt	23.757269 1042.985474 -21.907578	-5.087 -0.011 1.228
item_ammo_revolver_ttt	23.479450 1079.979492 -21.743738	-2.839 -0.446 -2.059
weapon_zm_pistol	26.882071 865.815979 -27.177511	-5.459 31.131 91.348
weapon_zm_pistol	47.360023 1013.170898 -20.605963	-2.021 26.174 88.575
item_ammo_pistol_ttt	23.057186 840.296814 -30.810946	-5.008 0.128 5.889
item_ammo_pistol_ttt	26.027279 878.278381 -26.631098	-5.462 -0.375 5.247
item_ammo_pistol_ttt	23.394350 933.480957 -23.102594	-5.053 0.327 1.123
item_ammo_pistol_ttt	21.104166 970.465271 -22.576159	-5.225 0.358 0.610
item_ammo_pistol_ttt	41.152466 933.063843 -22.453701	-2.205 0.068 1.358
item_ammo_pistol_ttt	36.150925 969.484619 -21.889265	-1.882 0.615 0.934
item_ammo_pistol_ttt	14.723757 1012.387573 -22.863836	-5.118 -0.068 -0.332
item_ammo_pistol_ttt	32.395741 1010.158813 -21.757196	-2.789 0.286 -0.298
item_ammo_pistol_ttt	55.079815 838.583801 -28.675920	-3.242 0.171 6.197
item_ammo_pistol_ttt	49.863949 883.110046 -24.922592	-1.120 -0.090 3.235
weapon_zm_shotgun	-39.495205 24.549234 289.110962	-0.377 -8.780 -84.274
weapon_zm_revolver	9.147704 -103.846169 288.970673	2.041 -20.549 -85.724
weapon_zm_revolver	7.677629 75.313980 0.886470	2.323 -41.562 -85.471
weapon_zm_revolver	22.713160 1055.785278 -20.973593	-0.184 -28.499 -85.057
