# Trouble in Terrorist Town weapon/ammo placement overrides
# For map: ttt_desperados_2
# Exported by: Ferox
# Edited 2023/04/07 (yyyy/mm/dd) by: Amber
setting:	replacespawns 1
weapon_ttt_smokegrenade	3024.057861 -5173.052734 96.145874	-0.841 -1.649 -1.283
weapon_ttt_smokegrenade	1731.798706 -4981.586914 -47.888962	-1.274 -1.213 -0.742
weapon_ttt_smokegrenade	1744.934692 -5001.984863 -47.849236	-0.850 -1.319 -0.495
weapon_ttt_smokegrenade	3058.799561 -4827.038574 -47.848053	-0.838 -1.322 -0.488
weapon_ttt_smokegrenade	1383.907959 -4964.555176 624.121338	-1.164 -1.249 -0.678
weapon_ttt_smokegrenade	1672.634644 -4473.606934 4.140654	-0.892 -1.606 -1.362
weapon_ttt_smokegrenade	3134.679932 -5304.853516 240.135071	-1.017 -1.284 -0.593
weapon_ttt_smokegrenade	3344.999023 -4621.252441 -43.878643	-1.084 -1.481 -1.657
weapon_ttt_smokegrenade	3009.830078 -4259.876465 96.151787	0.340 1.896 3.378
weapon_ttt_smokegrenade	3839.373535 -3995.478271 424.132172	-1.048 -1.284 -0.611
weapon_ttt_smokegrenade	3728.343018 -3608.047852 141.042969	-0.977 -1.723 -1.159
weapon_ttt_smokegrenade	3548.155029 -3634.866455 -47.822811	-0.569 -1.353 -0.331
weapon_ttt_smokegrenade	1997.150269 -3760.341553 -15.856699	-0.866 -1.650 -1.322
weapon_ttt_smokegrenade	2493.034424 -2165.049316 174.399185	29.058 37.712 96.744
weapon_ttt_smokegrenade	2276.504395 -2379.123535 234.145111	-0.804 -1.678 -1.226
weapon_ttt_smokegrenade	1593.319092 -2383.965332 179.819916	27.285 -14.149 96.994
weapon_ttt_smokegrenade	1402.270264 -2961.703125 320.129211	-1.080 -1.264 -0.629
weapon_ttt_smokegrenade	2564.177979 -2760.946777 176.148346	-0.876 -1.311 -0.510
weapon_ttt_smokegrenade	2264.915771 -2756.477051 366.908722	-0.817 -1.772 -0.968
weapon_ttt_smokegrenade	1472.915894 -2738.089844 496.116302	-1.218 -1.250 -0.710
weapon_ttt_smokegrenade	2385.644775 -2679.179688 464.109222	-1.293 -1.212 -0.753
weapon_ttt_smokegrenade	2799.492920 -1692.859009 608.161865	-0.733 -1.335 -0.427
weapon_ttt_smokegrenade	3184.337158 -1194.655029 1093.190918	11.398 74.908 -98.173
ttt_random_weapon	2890.503906 -4253.468262 -46.796257	1.805 5.714 -92.869	auto_ammo 1
ttt_random_weapon	3026.955322 -5141.347656 97.197563	0.795 -6.974 -93.929	auto_ammo 1
ttt_random_weapon	2562.034424 -4254.595703 5.225528	1.098 -82.580 -93.817	auto_ammo 1
ttt_random_weapon	2497.261475 -4258.059570 5.211282	1.398 -76.536 -93.289	auto_ammo 1
ttt_random_weapon	2529.496582 -4257.581055 5.244920	1.282 -77.908 -94.028	auto_ammo 1
ttt_random_weapon	1962.253662 -4132.926270 -46.818050	1.314 -48.158 -93.794	auto_ammo 1
ttt_random_weapon	1909.919067 -4194.714844 -46.752705	1.340 -47.446 -93.824	auto_ammo 1
ttt_random_weapon	1245.643799 -5094.614258 625.178040	1.301 -7.965 -93.809	auto_ammo 1
ttt_random_weapon	1605.845825 -4356.633789 9.194497	1.937 4.784 -92.455	auto_ammo 1
ttt_random_weapon	1665.391724 -4358.447754 9.207293	1.793 4.774 -92.785	auto_ammo 1
ttt_random_weapon	1732.445679 -4358.316406 9.197650	1.902 4.782 -92.536	auto_ammo 1
ttt_random_weapon	3143.054932 -5292.660645 241.247345	1.339 -54.913 -93.826	auto_ammo 1
ttt_random_weapon	3403.254150 -4178.144531 -46.796936	1.812 5.715 -92.855	auto_ammo 1
ttt_random_weapon	3404.217285 -4152.250488 -46.290482	1.214 5.321 -93.060	auto_ammo 1
ttt_random_weapon	3546.822998 -3678.329590 242.186417	1.953 29.832 -92.565	auto_ammo 1
ttt_random_weapon	3779.867676 -3889.856689 -46.762226	1.328 81.901 -93.831	auto_ammo 1
ttt_random_weapon	3518.241455 -3648.016846 -46.787254	1.709 5.717 -93.066	auto_ammo 1
ttt_random_weapon	3080.005371 -4073.147705 -19.907166	46.185 19.859 -103.754	auto_ammo 1
ttt_random_weapon	1896.688354 -3912.584229 -46.821785	2.076 5.700 -92.312	auto_ammo 1
ttt_random_weapon	1916.727417 -3722.405762 -46.785179	1.687 5.718 -93.112	auto_ammo 1
ttt_random_weapon	2739.842285 -3520.872070 -46.759129	1.408 52.917 -93.685	auto_ammo 1
ttt_random_weapon	3431.288086 -2628.501953 -44.423855	1.652 -69.226 -95.679	auto_ammo 1
ttt_random_weapon	2437.634521 -2097.383789 190.115356	6.654 -38.005 91.857	auto_ammo 1
ttt_random_weapon	3098.446777 -3098.228516 33.156254	2.308 5.660 -91.833	auto_ammo 1
ttt_random_weapon	2435.166504 -3089.109375 33.179268	2.065 5.700 -92.335	auto_ammo 1
ttt_random_weapon	2031.667358 -3785.173828 97.215515	1.097 -44.806 -93.690	auto_ammo 1
ttt_random_weapon	1878.288330 -3601.943115 178.110641	2.237 86.783 -91.980	auto_ammo 1
ttt_random_weapon	2034.877686 -3358.704590 177.241760	1.399 86.591 -93.705	auto_ammo 1
ttt_random_weapon	1504.853882 -2328.645264 856.929993	-24.652 44.104 -67.911	auto_ammo 1
ttt_random_weapon	1494.678467 -2950.008301 497.268555	1.460 78.746 -94.778	auto_ammo 1
ttt_random_weapon	3271.311523 -2430.667969 305.233459	1.487 57.901 -93.524	auto_ammo 1
ttt_random_weapon	2194.643799 -2816.862305 497.147034	1.489 -0.426 -94.453	auto_ammo 1
ttt_random_weapon	2582.297119 -2214.292236 465.177368	1.275 -5.685 -94.666	auto_ammo 1
ttt_random_weapon	3305.030029 -2017.158813 609.243347	1.382 88.616 -93.739	auto_ammo 1
ttt_random_weapon	2413.381348 -1864.165161 753.232422	1.498 -2.578 -93.498	auto_ammo 1
ttt_random_weapon	3084.016846 -1431.791138 1091.462769	1.449 11.450 -93.901	auto_ammo 1
ttt_random_weapon	1856.664551 -2129.200928 1209.146851	1.261 -33.587 -93.766	auto_ammo 1
ttt_random_weapon	2317.674561 -1884.226318 1209.245850	1.354 81.916 -93.795	auto_ammo 1
item_ammo_smg1_ttt	3284.759033 -4149.180176 96.504669	-0.660 0.011 -0.501
item_ammo_smg1_ttt	3550.819580 -4833.843750 -47.476143	-0.007 -2.648 -0.274
item_ammo_smg1_ttt	3529.278809 -4831.952148 -47.586494	0.296 -0.005 0.187
item_ammo_smg1_ttt	1612.057251 -4880.453125 -27.047049	0.009 -0.346 -11.730
item_ammo_smg1_ttt	1423.992920 -4916.788574 376.549225	-0.058 -0.181 -0.058
item_ammo_smg1_ttt	1436.784424 -4916.839844 376.525574	-0.117 0.138 -0.083
item_ammo_smg1_ttt	1609.035034 -4349.241699 -15.477703	0.232 -0.015 -0.196
item_ammo_smg1_ttt	3032.802979 -5180.096680 240.476608	-0.505 0.001 0.222
item_ammo_smg1_ttt	3017.522705 -5180.158691 240.550339	0.108 3.082 -0.064
item_ammo_smg1_ttt	3313.383301 -4812.123047 320.433319	-0.098 -10.182 0.054
item_ammo_smg1_ttt	3601.221191 -4189.835449 -47.519875	0.455 0.482 -0.308
item_ammo_smg1_ttt	3786.779785 -3751.685059 240.526215	-0.203 0.016 -0.172
item_ammo_smg1_ttt	3771.987549 -3752.286865 240.477219	-0.319 2.152 -0.213
item_ammo_smg1_ttt	3513.419189 -4034.930664 -47.473587	0.593 -2.478 -0.143
item_ammo_smg1_ttt	2076.085449 -3914.452148 -47.456696	-0.120 0.396 0.057
item_ammo_smg1_ttt	2059.809570 -3915.206299 -47.321987	-0.630 -2.050 0.363
item_ammo_smg1_ttt	3243.118896 -3033.506592 -47.462402	-0.151 -50.980 -0.058
item_ammo_smg1_ttt	2111.396484 -2331.741699 181.076935	3.927 -0.649 -0.692
item_ammo_smg1_ttt	1999.495117 -3635.270508 32.417969	0.377 -0.005 0.241
item_ammo_smg1_ttt	1625.399658 -3626.652588 320.559753	-0.015 42.482 -0.014
item_ammo_smg1_ttt	1472.883667 -2732.227783 320.386444	-0.087 0.005 0.046
item_ammo_smg1_ttt	1502.086426 -2785.374268 628.420105	0.419 -0.004 0.269
item_ammo_smg1_ttt	2790.272217 -2081.866455 464.422302	0.477 -0.004 0.308
item_ammo_smg1_ttt	2526.257324 -1981.926636 752.529297	-0.173 0.016 -0.151
item_ammo_smg1_ttt	2601.743408 -1527.807251 876.499268	-0.853 0.013 -0.638
weapon_ttt_m16	3033.230957 -5083.288574 96.996185	2.419 1.514 85.335
weapon_ttt_m16	1351.447998 -4696.194824 592.866028	2.065 92.755 83.871
weapon_ttt_m16	2396.205811 -5062.209961 276.851410	1.714 -136.057 84.333
weapon_ttt_m16	3542.371338 -4742.301758 320.900665	2.018 57.023 84.864
weapon_ttt_m16	3683.374756 -3732.419189 -47.115448	2.071 7.374 85.140
weapon_ttt_m16	2907.327393 -2252.241699 159.418411	7.218 -2.755 -96.963
weapon_ttt_m16	1653.221558 -2849.530518 320.853821	2.129 2.599 83.965
weapon_ttt_m16	2276.313232 -2357.062500 357.494598	2.317 92.692 85.202
weapon_ttt_m16	2983.655273 -2657.524902 304.865723	2.067 48.851 83.874
weapon_ttt_m16	2467.949951 -2035.971191 608.803894	2.097 6.242 83.918
weapon_ttt_m16	2209.015625 -2087.474609 1208.863525	1.920 32.993 84.955
item_box_buckshot_ttt	3595.085449 -4114.827148 96.414551	-0.754 -0.005 0.674
item_box_buckshot_ttt	3579.794434 -4113.880371 96.384933	-0.987 -0.010 0.883
item_box_buckshot_ttt	1967.222412 -5101.172852 -23.258667	-0.089 -1.367 0.059
item_box_buckshot_ttt	1615.578857 -4863.086914 -24.546614	57.806 -164.455 -158.445
item_box_buckshot_ttt	1624.533325 -5148.887695 152.807861	0.657 9.811 0.459
item_box_buckshot_ttt	1615.443726 -5173.483887 152.796677	0.107 26.259 -0.076
item_box_buckshot_ttt	1637.680176 -4352.507324 -15.547876	-0.474 -0.007 0.421
item_box_buckshot_ttt	3563.969727 -4497.708496 0.068115	0.095 0.112 -0.031
item_box_buckshot_ttt	2990.866211 -4230.917480 240.379333	-0.018 0.000 0.043
item_box_buckshot_ttt	2991.563721 -4215.488281 240.416367	0.865 -0.002 0.712
item_box_buckshot_ttt	3807.202148 -3746.047852 123.957855	1.988 0.117 0.041
item_box_buckshot_ttt	3563.513184 -3442.137695 -7.194937	-0.311 -0.229 0.686
item_box_buckshot_ttt	3148.215332 -2849.207520 -47.591873	-1.006 -0.003 0.808
item_box_buckshot_ttt	3157.022461 -2829.799805 -47.525227	-0.006 -36.413 0.002
item_box_buckshot_ttt	1524.729980 -2823.804443 354.400513	1.975 0.113 0.034
item_box_buckshot_ttt	3322.479736 -2801.399170 640.487000	0.375 0.845 -0.099
item_box_buckshot_ttt	3343.724365 -2770.267822 641.479797	-0.222 -35.187 -0.180
item_box_buckshot_ttt	2375.808350 -1298.900635 853.626221	-1.240 0.002 18.540
ttt_random_ammo	2929.914795 -4253.308105 -47.618095	-0.194 -0.095 -0.008
ttt_random_ammo	2583.439697 -4823.819336 8.327825	0.046 0.000 -0.030
ttt_random_ammo	3037.056152 -5114.893066 96.339966	0.047 0.000 -0.023
ttt_random_ammo	3020.777344 -5115.381836 96.330330	0.046 0.000 -0.029
ttt_random_ammo	3007.515381 -5115.874512 96.344559	0.048 0.000 -0.019
ttt_random_ammo	3326.767090 -4682.174805 -15.987879	-0.000 -0.045 0.000
ttt_random_ammo	3326.718506 -4702.049805 -15.987885	-0.000 -0.048 0.001
ttt_random_ammo	2619.432617 -4239.599609 4.344576	0.048 -0.000 0.019
ttt_random_ammo	2618.769287 -4259.578613 4.490155	0.658 3.286 0.797
ttt_random_ammo	2616.800537 -4280.111328 4.443715	-1.388 1.517 0.086
ttt_random_ammo	2042.838989 -5039.465332 -0.045383	0.605 0.172 1.035
ttt_random_ammo	2286.923096 -5049.270996 -47.622250	0.141 -0.001 -0.113
ttt_random_ammo	2418.691895 -4346.839355 -47.612320	-0.237 -0.001 0.232
ttt_random_ammo	2450.486572 -4361.686035 -45.345573	-0.771 -9.579 89.478
ttt_random_ammo	1919.571289 -4150.362305 -47.553097	-1.406 -0.032 1.693
ttt_random_ammo	1935.898804 -4164.805664 -47.541504	-0.948 -0.025 1.132
ttt_random_ammo	1952.125366 -4179.602051 -47.633453	-0.074 -0.000 0.025
ttt_random_ammo	1138.520264 -5076.686035 624.359497	0.060 0.000 0.005
ttt_random_ammo	1157.877197 -5075.797363 624.460815	0.667 0.021 0.801
ttt_random_ammo	1138.248413 -4695.767090 592.393860	0.788 0.008 0.906
ttt_random_ammo	1158.385620 -4696.209961 592.382507	0.204 0.001 0.191
ttt_random_ammo	1137.300659 -4720.594727 592.417542	1.509 0.035 1.811
ttt_random_ammo	1157.691650 -4721.669922 592.370911	0.094 0.000 0.052
ttt_random_ammo	1474.045166 -4571.502930 289.319214	5.060 -0.417 -6.323
ttt_random_ammo	1492.549438 -4553.171875 286.031952	5.287 -1.663 -8.035
ttt_random_ammo	1773.139771 -5183.181152 96.348984	0.049 0.000 -0.014
ttt_random_ammo	1791.870117 -5186.356934 96.390373	0.449 0.003 0.492
ttt_random_ammo	1712.074829 -4452.641113 96.359497	0.060 -0.000 -0.005
ttt_random_ammo	1795.063354 -4360.692871 -15.653198	0.049 0.000 -0.017
ttt_random_ammo	1763.377319 -4357.726074 -15.667208	0.046 0.000 -0.028
ttt_random_ammo	2550.735596 -5211.621094 276.395172	0.143 -0.147 -0.194
ttt_random_ammo	2547.415771 -5190.069824 279.531281	-89.275 34.463 -0.049
ttt_random_ammo	3118.421387 -5295.914551 240.395035	1.022 0.013 1.191
ttt_random_ammo	3134.425293 -5318.107422 240.491745	0.239 42.142 0.328
ttt_random_ammo	3672.721191 -5147.273438 240.346756	0.048 0.000 -0.017
ttt_random_ammo	3445.491211 -5046.051758 144.066315	-0.057 0.324 -0.032
ttt_random_ammo	3312.282959 -4835.717285 320.377838	0.144 0.001 0.115
ttt_random_ammo	3319.474121 -4619.945313 -43.604485	-0.401 -0.002 0.433
ttt_random_ammo	3342.147217 -4598.044922 -43.647999	-0.052 -0.000 -0.011
ttt_random_ammo	3368.214355 -4613.615723 -41.272057	89.270 -108.124 -89.806
ttt_random_ammo	3391.733154 -4603.922852 -41.317917	-0.124 5.150 -90.411
ttt_random_ammo	3406.099609 -4615.886230 -43.625553	-0.109 -0.000 0.069
ttt_random_ammo	3374.687744 -4179.407227 -47.653233	0.048 0.000 -0.017
ttt_random_ammo	3374.365967 -4152.314941 -47.606716	0.769 -0.008 -0.883
ttt_random_ammo	3310.271729 -4272.334961 240.346756	0.048 0.000 -0.017
ttt_random_ammo	3048.516357 -4128.051270 240.335175	0.045 0.000 -0.026
ttt_random_ammo	3706.783936 -3621.953125 240.419662	1.463 0.033 1.756
ttt_random_ammo	3703.998779 -3640.464111 240.441223	1.030 0.027 1.235
ttt_random_ammo	3757.355469 -3608.076416 141.260269	-0.051 -0.000 -0.009
ttt_random_ammo	3690.251709 -3610.474609 141.224258	-0.046 -0.000 -0.035
ttt_random_ammo	3653.609375 -3608.721680 141.216354	-0.048 0.000 0.039
ttt_random_ammo	3737.344727 -3603.858887 161.363098	-0.357 -0.002 0.381
ttt_random_ammo	3726.147705 -3608.573242 181.438797	-0.065 0.000 -0.015
ttt_random_ammo	3770.670166 -3608.333252 181.517609	-1.201 -0.031 1.444
ttt_random_ammo	3659.853271 -3608.304443 161.337646	-0.071 0.158 -0.058
ttt_random_ammo	3799.661621 -3873.516113 -47.676628	-0.045 -0.000 -0.032
ttt_random_ammo	3801.100830 -3901.218750 -47.650249	-0.049 -0.000 -0.014
ttt_random_ammo	3509.328857 -3631.362549 -47.606728	0.668 0.006 0.761
ttt_random_ammo	3527.237793 -3622.937012 -47.567112	1.156 0.028 1.381
ttt_random_ammo	3207.001709 -4080.382813 -47.610428	-0.267 -0.001 0.269
ttt_random_ammo	3196.581543 -4067.952148 -47.602489	-0.458 -0.003 0.504
ttt_random_ammo	2602.567383 -4090.140381 -47.608509	-0.303 -0.002 0.313
ttt_random_ammo	1815.891357 -3774.637207 -21.347836	1.123 0.029 1.365
ttt_random_ammo	1808.560059 -3817.166992 10.572852	0.046 0.000 -0.033
ttt_random_ammo	1812.216553 -3858.914795 10.608702	0.056 0.000 -0.002
ttt_random_ammo	2717.280518 -3510.406006 -47.623817	0.126 0.000 0.094
ttt_random_ammo	3422.786377 -2692.425537 -7.154833	1.519 4.291 0.477
ttt_random_ammo	2651.286621 -2157.684814 171.994888	3.457 -3.454 102.970
ttt_random_ammo	2427.514404 -1970.185181 202.691772	2.656 -3.132 6.243
ttt_random_ammo	2616.274902 -2104.926758 232.439606	1.103 0.028 1.327
ttt_random_ammo	2319.833252 -2384.610596 234.350677	0.049 0.000 -0.015
ttt_random_ammo	2238.171143 -2380.873047 202.383163	-1.815 24.816 -0.153
ttt_random_ammo	2440.700439 -2349.837158 234.382813	0.197 0.001 0.182
ttt_random_ammo	2155.005371 -2332.233887 178.351761	6.177 -1.376 -6.692
ttt_random_ammo	3129.852783 -3085.406494 32.433300	1.202 0.030 1.444
ttt_random_ammo	3105.733887 -3080.173340 32.325241	0.045 0.000 -0.031
ttt_random_ammo	2639.065430 -2967.588867 32.358368	-0.058 -0.000 0.001
ttt_random_ammo	2670.272217 -2967.782227 32.386429	0.775 -4.650 -0.065
ttt_random_ammo	2133.957764 -3366.288086 32.453880	-0.008 25.484 -1.055
ttt_random_ammo	2129.809570 -3329.536621 32.479877	-0.397 -31.030 -0.013
ttt_random_ammo	2093.060059 -3793.511475 96.465805	-0.057 10.311 0.838
ttt_random_ammo	1877.730591 -3647.751465 176.357452	0.057 0.000 0.000
ttt_random_ammo	1877.458252 -3632.592529 176.357452	0.057 0.000 0.000
ttt_random_ammo	1648.405884 -3643.395508 320.367279	0.080 0.000 0.033
ttt_random_ammo	1413.864014 -3105.282715 358.093201	-1.791 168.413 -89.032
ttt_random_ammo	2011.748047 -3464.915283 176.355392	0.055 0.000 -0.004
ttt_random_ammo	1989.766968 -3486.598877 222.664551	-1.355 -0.699 -3.214
ttt_random_ammo	1565.644775 -3328.951904 223.921432	-0.083 -0.001 -0.257
ttt_random_ammo	1463.067505 -2575.956299 198.908112	5.771 -7.115 -99.330
ttt_random_ammo	1479.485718 -2566.477539 203.400024	-6.740 177.123 -169.089
ttt_random_ammo	2569.012207 -2621.611816 202.270660	0.047 0.000 -0.037
ttt_random_ammo	2568.561523 -2579.845703 202.378616	1.542 0.036 1.859
ttt_random_ammo	2564.971680 -2536.468018 234.335129	0.045 0.000 -0.028
ttt_random_ammo	2264.868408 -2726.295166 367.123535	-0.055 0.000 -0.000
ttt_random_ammo	2465.769775 -2240.013428 320.454102	0.896 0.025 1.086
ttt_random_ammo	2467.281494 -2263.989746 320.385345	0.280 0.001 0.283
ttt_random_ammo	2353.751953 -2185.940186 320.455780	-1.330 -0.033 1.614
ttt_random_ammo	2735.868164 -2382.461914 346.602417	0.861 0.009 0.996
ttt_random_ammo	1571.580688 -2435.619873 320.419525	1.245 2.321 1.475
ttt_random_ammo	1516.870728 -2938.644775 496.385406	0.264 0.001 0.265
ttt_random_ammo	1513.080933 -2961.197510 496.441071	1.049 0.027 1.259
ttt_random_ammo	1425.911377 -2851.059082 496.332764	0.045 0.000 -0.027
ttt_random_ammo	2123.926514 -2310.227051 320.346771	0.048 0.000 -0.017
ttt_random_ammo	3243.996582 -2509.457031 304.348999	0.049 -0.000 0.014
ttt_random_ammo	2210.251953 -2830.851074 496.314728	0.047 0.000 -0.036
ttt_random_ammo	2182.080078 -2830.777832 496.346832	0.049 -0.000 0.017
ttt_random_ammo	2418.627441 -2206.956787 464.372711	0.104 0.000 0.065
ttt_random_ammo	2401.678711 -2209.071289 464.438141	1.055 0.027 1.260
ttt_random_ammo	3416.564697 -2296.048584 436.363495	0.070 0.000 0.017
ttt_random_ammo	3396.566650 -2281.900391 436.377838	0.148 0.001 0.120
ttt_random_ammo	3266.607422 -2589.538818 656.356262	-0.056 -0.000 -0.004
ttt_random_ammo	3196.928223 -2784.093262 612.142944	5.142 -0.368 -7.606
ttt_random_ammo	3323.584229 -2027.729614 608.385376	0.265 0.001 0.266
ttt_random_ammo	3322.240234 -2005.876465 608.357483	0.057 -0.000 -0.000
ttt_random_ammo	3046.216553 -1730.446777 608.359497	0.061 0.000 0.005
ttt_random_ammo	3078.535889 -1821.872437 608.327820	0.045 0.000 -0.030
ttt_random_ammo	2398.887695 -1886.856812 752.339905	0.046 -0.000 0.023
ttt_random_ammo	2759.155273 -1147.818115 1145.218018	14.198 5.754 10.949
ttt_random_ammo	2113.549316 -2147.517822 1208.357422	0.057 0.000 -0.000
ttt_random_ammo	2089.365723 -2155.575684 1208.387939	0.344 0.002 0.364
ttt_random_ammo	2140.814697 -1579.126465 1208.500977	-0.806 5.403 -0.977
ttt_random_ammo	2160.953125 -1592.615356 1208.393921	0.773 0.008 0.889
ttt_random_ammo	1739.934814 -1703.184814 1208.363403	0.068 0.000 0.017
weapon_zm_rifle	3031.231689 -4150.093262 95.145866	3.593 12.959 65.550
weapon_zm_rifle	2513.720947 -5150.336426 95.140701	3.576 12.656 65.218
weapon_zm_rifle	1538.801880 -5135.095703 623.124878	3.649 12.972 65.510
weapon_zm_rifle	3680.097168 -5175.065918 241.200256	0.206 -23.471 -89.115
weapon_zm_rifle	3843.485596 -3626.737793 425.104858	0.229 30.533 -88.837
weapon_zm_rifle	3542.461914 -3022.013916 319.175568	3.492 12.659 65.386
weapon_zm_rifle	1859.182007 -3542.889160 319.290222	3.484 20.871 66.604
weapon_zm_rifle	2006.059082 -2801.399658 319.126740	3.644 12.972 65.514
weapon_zm_rifle	1370.395508 -2379.719727 851.005432	-19.915 54.351 -74.207
weapon_zm_rifle	3394.779297 -2084.126709 463.213135	3.401 -34.033 65.566
weapon_zm_rifle	2586.105957 -1104.015747 889.050110	6.937 -0.264 -103.104
weapon_zm_mac10	3536.886719 -4803.850098 -46.811275	-0.038 -90.640 -88.157
weapon_zm_mac10	1425.557129 -4916.995605 391.240753	-0.279 -82.578 -89.839
weapon_zm_mac10	3016.645752 -5164.667969 241.255753	-0.047 -56.828 -87.600
weapon_zm_mac10	3327.564941 -4829.567383 321.197052	0.615 -34.146 -87.462
weapon_zm_mac10	3745.957275 -3750.795410 241.269257	-0.639 -48.950 -88.492
weapon_zm_mac10	2069.136963 -3917.279541 -32.762089	1.477 5.011 -87.861
weapon_zm_mac10	3254.678955 -3052.919678 -46.735901	-0.651 -44.481 -88.453
weapon_zm_mac10	1848.769287 -2241.951172 184.859497	5.722 -6.092 152.299
weapon_zm_mac10	1500.441162 -2734.131104 321.259033	-0.663 -45.415 -88.414
weapon_zm_mac10	2278.730469 -2826.165039 361.525574	0.396 81.740 -87.608
weapon_zm_mac10	3346.727539 -2652.458740 613.406067	-5.644 39.204 86.964
weapon_zm_mac10	2654.315674 -1494.629150 824.892944	3.084 60.918 96.893
ttt_playerspawn	2648.987549 -5017.594238 -45.450497	0.210 99.416 0.050
ttt_playerspawn	2771.672852 -5012.150879 -45.436466	-0.119 97.575 0.003
ttt_playerspawn	1908.978516 -5046.789551 -44.148773	0.169 105.451 0.173
ttt_playerspawn	1787.582886 -4802.896484 -46.492432	-0.009 -0.000 0.009
ttt_playerspawn	2031.091797 -4676.403809 -46.505871	-0.011 -0.000 0.011
ttt_playerspawn	2210.302246 -3816.538086 -46.493835	-0.009 -0.000 0.009
ttt_playerspawn	2080.926514 -4496.504395 -46.489685	-0.009 -0.000 0.009
ttt_playerspawn	2287.473389 -4884.899902 -46.463409	-0.006 -0.000 0.006
ttt_playerspawn	2324.343262 -4620.158203 -46.543163	-0.014 -0.000 0.014
ttt_playerspawn	2199.760742 -4315.391113 -46.530769	-0.013 -0.000 0.013
ttt_playerspawn	2334.279541 -4443.123535 -46.538906	-0.014 -0.000 0.014
ttt_playerspawn	3451.385010 -4322.788086 -46.411892	-0.191 -147.837 -0.184
ttt_playerspawn	3152.770752 -4759.760742 -46.451660	-0.001 104.983 0.165
ttt_playerspawn	3198.211426 -3946.576172 -46.522491	0.098 162.150 -0.011
ttt_playerspawn	3214.095459 -3749.324219 -47.471249	-0.211 -158.896 -0.010
ttt_playerspawn	3312.660645 -3304.351318 -46.173004	-0.011 -126.630 0.011
ttt_playerspawn	2648.987549 -5017.594238 -45.450497	0.210 99.416 0.050
ttt_playerspawn	2771.672852 -5012.150879 -45.436466	-0.119 97.575 0.003
ttt_playerspawn	1908.978516 -5046.789551 -44.148773	0.169 105.451 0.173
ttt_playerspawn	2945.125732 -4524.571777 -47.474091	-0.084 140.649 0.128
ttt_playerspawn	3193.327881 -4499.587891 -47.508900	-0.032 175.506 0.171
ttt_playerspawn	2941.336914 -3808.900635 -47.486481	0.016 -148.924 -0.235
ttt_playerspawn	2847.256836 -4767.535645 -47.545296	0.004 105.488 -0.003
ttt_playerspawn	2731.678223 -4503.862793 -47.536499	-0.105 119.959 0.025
ttt_playerspawn	2247.139404 -3514.178955 32.572083	0.160 -51.774 -0.093
ttt_playerspawn	2588.067627 -3787.186768 -47.415462	0.007 -99.751 -0.042
ttt_playerspawn	2648.987549 -5017.594238 -44.450497	0.210 99.416 0.050
ttt_playerspawn	2771.672852 -5012.150879 -44.436466	-0.119 97.575 0.003
ttt_playerspawn	1908.978516 -5046.789551 -43.148773	0.169 105.451 0.173
ttt_playerspawn	1787.582886 -4802.896484 -45.492432	-0.009 -0.000 0.009
ttt_playerspawn	2031.091797 -4676.403809 -45.505871	-0.011 -0.000 0.011
ttt_playerspawn	2210.302246 -3816.538086 -45.493835	-0.009 -0.000 0.009
ttt_playerspawn	2080.926514 -4496.504395 -45.489685	-0.009 -0.000 0.009
ttt_playerspawn	2287.473389 -4884.899902 -45.463409	-0.006 -0.000 0.006
ttt_playerspawn	2324.343262 -4620.158203 -45.543163	-0.014 -0.000 0.014
ttt_playerspawn	2199.760742 -4315.391113 -45.530769	-0.013 -0.000 0.013
ttt_playerspawn	2334.279541 -4443.123535 -45.538906	-0.014 -0.000 0.014
ttt_playerspawn	3451.385010 -4322.788086 -45.411892	-0.191 -147.837 -0.184
ttt_playerspawn	3152.770752 -4759.760742 -45.451660	-0.001 104.983 0.165
ttt_playerspawn	3198.211426 -3946.576172 -45.522491	0.098 162.150 -0.011
ttt_playerspawn	3214.095459 -3749.324219 -46.471249	-0.211 -158.896 -0.010
ttt_playerspawn	3312.660645 -3304.351318 -45.173004	-0.011 -126.630 0.011
ttt_playerspawn	2648.987549 -5017.594238 -44.450497	0.210 99.416 0.050
ttt_playerspawn	2771.672852 -5012.150879 -44.436466	-0.119 97.575 0.003
ttt_playerspawn	1908.978516 -5046.789551 -43.148773	0.169 105.451 0.173
ttt_playerspawn	2945.125732 -4524.571777 -46.474091	-0.084 140.649 0.128
ttt_playerspawn	3193.327881 -4499.587891 -46.508900	-0.032 175.506 0.171
ttt_playerspawn	2941.336914 -3808.900635 -46.486481	0.016 -148.924 -0.235
ttt_playerspawn	2847.256836 -4767.535645 -46.545296	0.004 105.488 -0.003
ttt_playerspawn	2731.678223 -4503.862793 -46.536499	-0.105 119.959 0.025
ttt_playerspawn	2247.139404 -3514.178955 33.572083	0.160 -51.774 -0.093
ttt_playerspawn	2588.067627 -3787.186768 -46.415462	0.007 -99.751 -0.042
item_ammo_357_ttt	3021.538574 -4143.177246 96.346832	0.465 0.064 0.045
item_ammo_357_ttt	3036.313965 -4141.612305 96.326691	0.463 0.070 0.052
item_ammo_357_ttt	2521.708496 -5176.806641 96.370003	0.458 0.059 0.039
item_ammo_357_ttt	2502.584229 -5181.505859 96.413811	0.467 0.056 0.022
item_ammo_357_ttt	1551.964355 -5162.554688 624.320007	0.463 0.075 0.055
item_ammo_357_ttt	1535.029663 -5164.445801 624.343018	0.465 0.064 0.046
item_ammo_357_ttt	1731.215210 -4439.750977 96.344955	0.465 0.064 0.045
item_ammo_357_ttt	3690.313477 -5155.874023 240.337128	0.464 0.066 0.048
item_ammo_357_ttt	3858.295654 -4022.485352 424.352295	0.466 0.062 0.043
item_ammo_357_ttt	3838.911865 -4021.443604 424.415161	0.458 -1.440 -0.036
item_ammo_357_ttt	3563.575195 -3040.877441 320.330475	0.451 0.070 0.055
item_ammo_357_ttt	1839.998169 -3538.978271 320.443848	0.475 31.760 0.010
item_ammo_357_ttt	1446.829956 -2582.835693 199.746307	7.269 -0.594 -9.478
item_ammo_357_ttt	2043.211548 -2836.366211 359.394379	0.415 0.061 0.038
item_ammo_357_ttt	1335.400635 -2363.071289 854.773010	0.347 -0.247 6.746
item_ammo_357_ttt	3417.132568 -2084.068359 464.393066	0.286 -1.555 0.455
item_ammo_357_ttt	3391.580078 -2064.786621 464.389099	0.462 0.057 0.032
item_ammo_357_ttt	2355.592529 -2160.447510 608.333069	0.464 0.066 0.050
item_ammo_357_ttt	2509.594238 -1982.461792 752.322266	0.463 0.070 0.054
item_ammo_357_ttt	2588.276611 -1076.044189 880.985474	6.985 -0.635 -14.759
item_ammo_357_ttt	2572.186768 -1076.144897 882.963745	7.036 -0.625 -14.456
item_ammo_pistol_ttt	3300.938965 -4148.270508 96.330750	0.147 0.018 -0.044
item_ammo_pistol_ttt	2907.096924 -5187.078613 96.395851	0.477 -2.793 0.007
item_ammo_pistol_ttt	2915.161133 -5187.053711 96.431747	-0.034 -5.806 0.024
item_ammo_pistol_ttt	1736.540771 -5092.265625 -47.614681	-0.099 -0.019 -0.030
item_ammo_pistol_ttt	1736.003540 -5112.899414 -47.566120	-0.057 -0.020 -0.017
item_ammo_pistol_ttt	1630.509155 -4889.727051 -25.246563	-0.151 0.807 -11.498
item_ammo_pistol_ttt	1979.688721 -4980.144043 96.498695	-1.323 11.115 0.428
item_ammo_pistol_ttt	1971.914673 -4980.514160 96.705826	-0.122 9.801 -0.037
item_ammo_pistol_ttt	1961.739868 -4979.674316 96.464020	0.747 2.711 0.238
item_ammo_pistol_ttt	2387.814697 -5204.108398 286.281952	44.083 149.605 179.905
item_ammo_pistol_ttt	2384.567383 -5208.128906 279.332825	-89.508 152.201 179.980
item_ammo_pistol_ttt	3519.687988 -5239.213379 243.216782	-89.268 136.901 -165.853
item_ammo_pistol_ttt	3546.834473 -4666.591309 320.488861	0.985 -2.020 -0.383
item_ammo_pistol_ttt	3555.097412 -4665.732422 320.471985	-1.409 -1.017 -0.579
item_ammo_pistol_ttt	3374.699707 -4283.401367 -47.620792	0.248 -23.675 0.003
item_ammo_pistol_ttt	3587.527344 -4190.609863 -47.553761	-0.032 2.627 -0.009
item_ammo_pistol_ttt	3587.595703 -3934.069336 240.398224	-0.088 -0.020 -0.027
item_ammo_pistol_ttt	3578.843262 -3932.453857 240.385315	-0.099 -0.019 -0.030
item_ammo_pistol_ttt	3892.007080 -3905.355225 424.452789	0.923 -35.249 0.001
item_ammo_pistol_ttt	3795.423828 -4018.604980 -44.681751	89.467 121.145 169.962
item_ammo_pistol_ttt	3496.253174 -4035.968018 -47.647892	-0.128 -0.019 -0.039
item_ammo_pistol_ttt	3485.154785 -4035.191895 -47.654694	-0.134 -0.019 -0.041
item_ammo_pistol_ttt	3445.928711 -3536.757324 3.538749	-0.069 -0.020 -0.017
item_ammo_pistol_ttt	2632.827637 -2162.246338 170.032837	1.689 0.011 9.489
item_ammo_pistol_ttt	1712.430054 -3718.249512 96.405548	-0.081 -0.020 -0.025
item_ammo_pistol_ttt	1722.314087 -3718.768799 96.340607	-0.138 -0.019 -0.042
item_ammo_pistol_ttt	1401.922974 -2866.584473 320.467316	1.020 1.022 0.126
item_ammo_pistol_ttt	1392.068604 -2866.641846 320.494690	0.456 2.739 0.122
item_ammo_pistol_ttt	1566.567627 -2991.332275 320.446106	0.455 -0.309 -0.189
item_ammo_pistol_ttt	1575.240967 -2991.303223 320.405609	0.086 -0.369 -0.027
item_ammo_pistol_ttt	2082.512939 -2611.260010 176.398224	-0.088 -0.020 -0.027
item_ammo_pistol_ttt	2089.149170 -2611.931152 176.378250	-0.105 -0.019 -0.032
item_ammo_pistol_ttt	1901.959106 -2674.843994 179.287979	89.257 -169.363 176.836
item_ammo_pistol_ttt	1553.303833 -2441.002686 320.395172	-0.091 -0.020 -0.027
item_ammo_pistol_ttt	1484.945313 -2792.463867 628.330750	-0.147 -0.018 -0.044
item_ammo_pistol_ttt	2805.890625 -2081.584229 464.496765	-0.027 2.509 0.004
item_ammo_pistol_ttt	2317.176025 -2103.984863 608.347595	-0.132 -0.019 -0.040
item_ammo_pistol_ttt	2329.042236 -2103.630859 608.399719	-0.087 -0.020 -0.026
item_ammo_pistol_ttt	2371.504150 -1434.725098 848.596008	10.057 32.493 -2.361
weapon_zm_molotov	3395.316406 -4683.221191 -16.253574	-0.019 -1.546 -0.015
weapon_zm_molotov	2571.503906 -4357.753906 -45.892445	25.688 117.389 90.841
weapon_zm_molotov	3401.416992 -4737.930664 344.114624	-1.151 -1.442 -1.760
weapon_zm_molotov	3289.617432 -4280.297852 240.109222	-1.293 -1.212 -0.753
weapon_zm_molotov	3857.954834 -3994.764404 424.148346	-0.876 -1.311 -0.510
weapon_zm_molotov	3695.146484 -3609.015869 161.130035	-0.714 -1.800 -0.845
weapon_zm_molotov	1992.567017 -3811.920166 0.163854	-0.662 -1.711 -1.008
weapon_zm_molotov	3410.942383 -2823.633789 -47.846886	-0.825 -1.322 -0.481
weapon_zm_molotov	2361.668457 -2429.645752 224.124573	-1.052 -1.485 -1.608
weapon_zm_molotov	1586.840576 -2441.892090 178.041794	23.549 55.327 89.903
weapon_zm_molotov	2016.581177 -3718.384277 96.132187	-1.048 -1.284 -0.611
weapon_zm_molotov	2213.506592 -2857.212891 217.019058	-0.385 -1.790 -0.325
weapon_zm_molotov	2604.933105 -2079.040527 338.316864	-0.581 -1.827 -0.683
weapon_zm_molotov	3175.225586 -2093.236084 503.187958	-1.254 -1.567 -1.454
weapon_zm_molotov	2694.895020 -2142.277832 608.109253	-1.293 -1.212 -0.753
weapon_zm_molotov	3186.978271 -1174.258789 1097.589600	51.020 -95.790 112.048
weapon_ttt_confgrenade	3024.811035 -5062.406250 98.175133	14.683 -26.214 -90.766
weapon_ttt_confgrenade	3390.817139 -4700.074707 -14.401746	-37.599 52.169 89.684
weapon_ttt_confgrenade	1745.883179 -4983.570801 -46.062450	-36.317 -59.442 -87.100
weapon_ttt_confgrenade	2292.758789 -5020.360352 -46.062447	-36.317 -59.442 -87.100
weapon_ttt_confgrenade	1963.437500 -5022.600098 98.139465	-37.654 -56.969 -91.385
weapon_ttt_confgrenade	1381.815674 -4940.376953 626.109497	-37.463 -57.366 -90.730
weapon_ttt_confgrenade	1424.205811 -4502.500000 284.942017	12.519 -23.550 85.024
weapon_ttt_confgrenade	2946.138184 -5153.638672 241.910034	-36.129 -59.674 -86.538
weapon_ttt_confgrenade	3398.396973 -5060.187988 145.913651	11.704 48.887 93.612
weapon_ttt_confgrenade	3433.398926 -4605.840332 -41.874435	15.293 -26.022 -89.824
weapon_ttt_confgrenade	3390.354736 -4122.201172 -45.856434	-37.680 -56.915 -91.475
weapon_ttt_confgrenade	3696.348145 -3904.789795 242.680649	20.475 -56.432 -102.392
weapon_ttt_confgrenade	3505.134033 -3625.666748 90.236755	13.911 -26.434 -91.945
weapon_ttt_confgrenade	2579.243896 -4062.861084 -46.095673	-36.087 -59.723 -86.421
weapon_ttt_confgrenade	1949.346680 -3916.218262 -13.468295	14.792 -30.795 -98.540
weapon_ttt_confgrenade	3580.165283 -3538.730957 -45.793068	-38.075 -56.050 -92.883
weapon_ttt_confgrenade	2574.448975 -2099.049072 183.383835	-42.861 47.855 88.056
weapon_ttt_confgrenade	1862.008057 -3636.721436 322.163971	-37.809 -56.640 -91.924
weapon_ttt_confgrenade	1597.118530 -3336.702393 178.098984	-37.395 -57.503 -90.502
weapon_ttt_confgrenade	2242.562256 -2856.385498 239.224670	9.565 -61.803 -93.418
weapon_ttt_confgrenade	1454.002075 -2721.171387 497.958008	-36.455 -59.199 -87.521
weapon_ttt_confgrenade	2621.432861 -2219.360596 500.745605	82.164 97.876 87.500
weapon_ttt_confgrenade	3324.715820 -2603.909180 666.156616	14.927 -26.142 -90.410
weapon_ttt_confgrenade	2417.554932 -1768.749878 818.190430	14.504 -26.268 -91.054
weapon_ttt_confgrenade	2374.595703 -1341.286499 842.309204	9.074 -112.537 81.996
weapon_ttt_confgrenade	2764.622070 -1122.775024 1150.744385	53.764 -96.368 -113.905
weapon_ttt_confgrenade	1728.967529 -1728.130737 1210.019897	-36.877 -58.492 -88.815
item_ammo_revolver_ttt	2492.503662 -4804.622559 8.314846	0.448 0.075 0.061
item_ammo_revolver_ttt	2490.527344 -4840.552734 8.350060	0.455 0.064 0.047
item_ammo_revolver_ttt	1626.240601 -4866.447266 -26.959553	78.899 -93.427 -73.543
item_ammo_revolver_ttt	1613.919067 -4670.995117 -47.582687	0.472 0.056 0.019
item_ammo_revolver_ttt	1749.655273 -4425.543945 96.324509	0.463 0.070 0.053
item_ammo_revolver_ttt	1669.698120 -4351.402344 -15.529737	0.478 -14.244 0.000
item_ammo_revolver_ttt	3475.831299 -5234.461426 240.439056	0.475 27.717 0.011
item_ammo_revolver_ttt	3700.387451 -3976.383545 112.681053	0.352 -23.950 0.048
item_ammo_revolver_ttt	3512.319824 -3562.491699 -47.614002	-0.039 0.831 0.036
item_ammo_revolver_ttt	3522.697998 -3540.414063 -47.653172	0.465 0.064 0.045
item_ammo_revolver_ttt	2093.823730 -2331.523926 181.380005	-0.044 -0.024 0.208
item_ammo_revolver_ttt	3027.763916 -3008.615479 320.334961	0.424 -34.198 -0.096
item_ammo_revolver_ttt	2045.044067 -3908.859131 96.305771	0.461 0.082 0.060
item_ammo_revolver_ttt	1505.782349 -2630.684570 176.310669	0.462 0.075 0.058
item_ammo_revolver_ttt	1517.984863 -2629.769287 176.362518	0.467 0.060 0.039
item_ammo_revolver_ttt	1884.047119 -2659.112549 176.362518	0.467 0.060 0.039
item_ammo_revolver_ttt	2735.788330 -2341.297119 346.572296	0.452 0.056 0.037
item_ammo_revolver_ttt	3051.771973 -1756.411255 608.339172	0.465 0.067 0.048
item_ammo_revolver_ttt	1682.688354 -1876.873291 1208.348633	0.465 0.064 0.044
item_ammo_revolver_ttt	1692.999268 -1900.167725 1209.144043	0.466 20.624 0.042
weapon_zm_shotgun	3586.193604 -4105.082520 96.979286	-0.113 -8.959 -83.028
weapon_zm_shotgun	1978.162231 -5030.546387 -6.879002	-0.166 -90.610 -83.527
weapon_zm_shotgun	1643.611084 -5168.876465 153.462372	-0.478 -74.529 -84.714
weapon_zm_shotgun	3482.160400 -4603.910156 -46.942154	-0.271 102.565 -83.767
weapon_zm_shotgun	3031.638428 -4281.518555 241.209808	0.163 -24.801 -82.303
weapon_zm_shotgun	3786.303223 -3710.530273 89.051880	-0.257 -8.767 -83.724
weapon_zm_shotgun	3183.516846 -2846.991943 -46.838215	-0.480 67.225 -84.747
weapon_zm_shotgun	2282.619141 -2622.693604 213.631973	-0.156 -8.942 -83.440
weapon_zm_shotgun	2577.626709 -2374.433350 321.087952	-0.437 -8.891 -84.053
weapon_zm_shotgun	3312.425781 -2766.800049 614.417175	-1.405 9.714 -94.507
weapon_zm_sledge	3359.089600 -4695.961914 -18.674435	18.634 -0.348 2.992
weapon_zm_sledge	1783.229858 -5159.897949 93.733841	12.406 0.617 2.622
weapon_zm_sledge	3147.314697 -4942.267578 93.812599	19.008 0.706 3.003
weapon_zm_sledge	3502.441650 -3937.260254 85.789993	16.940 28.367 2.914
weapon_zm_sledge	2610.926270 -1998.511353 208.050766	10.424 -60.197 96.221
weapon_zm_sledge	2592.377441 -3149.613037 34.668861	0.824 -62.741 88.148
weapon_zm_sledge	2064.203613 -2801.281250 173.679337	18.617 -22.153 3.050
weapon_zm_sledge	2217.390381 -2838.024414 317.798401	18.966 86.641 2.663
weapon_zm_sledge	2810.083496 -1604.027344 641.674316	18.716 -89.257 2.656
weapon_zm_revolver	2486.326660 -4824.776855 8.970482	1.883 -20.613 -85.999
weapon_zm_revolver	1632.232788 -4675.378418 -47.029427	1.976 -15.580 -85.837
weapon_zm_revolver	1182.606689 -4712.504395 592.970459	1.896 -19.155 -85.976
weapon_zm_revolver	1744.795532 -4516.468262 133.818283	1.835 -27.076 -86.082
weapon_zm_revolver	1790.131592 -4358.071777 8.970901	2.265 -25.012 -85.333
weapon_zm_revolver	3487.427979 -5215.854004 281.548737	2.311 48.906 85.591
weapon_zm_revolver	3602.271973 -4020.323242 88.905655	2.476 -44.071 -84.849
weapon_zm_revolver	3525.934570 -3560.062744 -47.172382	2.668 -14.003 -84.727
weapon_zm_revolver	2431.675293 -2386.087402 202.830719	2.281 -81.028 -85.404
weapon_zm_revolver	3028.204590 -3031.265625 320.970490	1.806 -20.667 -86.134
weapon_zm_revolver	2025.947632 -3914.088867 96.970131	1.608 -19.248 -86.478
weapon_zm_revolver	1510.314941 -2665.041016 224.970551	1.937 -20.588 -85.905
weapon_zm_revolver	2737.320068 -2291.667725 347.262665	1.961 -62.127 86.003
weapon_zm_revolver	3021.928955 -1746.461548 608.970581	1.929 -25.370 -85.920
weapon_zm_revolver	1703.015991 -1885.859863 1208.970337	1.822 -19.174 -86.105
weapon_ttt_glock	2911.399170 -5057.559570 97.078262	0.033 29.518 91.253
weapon_ttt_glock	2402.735840 -5059.747070 97.113022	-0.887 25.614 91.628
weapon_ttt_glock	2979.190674 -4936.416504 -46.890472	-0.773 25.123 91.226
weapon_ttt_glock	3416.743408 -5030.008789 97.110443	-0.849 25.104 91.347
weapon_ttt_glock	3554.851563 -4462.469727 -46.893158	-0.552 25.140 90.875
weapon_ttt_glock	3758.084473 -3909.257813 241.110321	-0.839 25.114 91.331
weapon_ttt_glock	3728.135498 -3905.924805 241.107498	-0.606 25.137 90.960
weapon_ttt_glock	3796.607178 -4025.725342 -41.078941	1.584 -5.726 -87.700
weapon_ttt_glock	2437.407227 -2155.050537 180.487442	-3.177 43.459 100.900
weapon_ttt_glock	2638.104004 -2985.712891 37.107849	-0.545 25.663 90.977
weapon_ttt_glock	2664.331787 -2986.305664 37.095303	-0.180 33.394 90.571
weapon_ttt_glock	1394.958984 -2842.452148 320.939789	0.526 23.985 89.028
weapon_ttt_glock	2563.807129 -2728.647461 177.108810	-0.713 29.801 91.132
weapon_ttt_glock	2078.815186 -2637.211426 177.024719	0.094 21.081 89.668
weapon_ttt_glock	1565.408203 -2450.446045 321.107910	-0.639 25.135 91.013
weapon_ttt_glock	2047.241089 -2323.654297 321.242065	-0.980 44.148 91.556
weapon_ttt_glock	3353.382813 -2218.430420 465.108459	-0.585 25.662 91.054
weapon_ttt_glock	3239.417480 -2808.650391 617.826660	-1.813 26.266 83.693
weapon_ttt_glock	2390.202637 -1422.018066 848.775940	-3.323 24.650 85.219
weapon_ttt_glock	2037.373657 -1553.726440 1209.122559	-0.802 -8.684 -91.571
weapon_zm_pistol	1755.678345 -5117.931152 -47.144077	0.756 -35.602 -88.566
weapon_zm_pistol	1756.945557 -5093.990234 -47.014458	0.000 -36.502 -89.799
weapon_zm_pistol	2955.489258 -4944.432129 -46.890644	0.101 33.380 91.321
weapon_zm_pistol	1968.339600 -5078.720215 96.883781	0.593 -35.605 -88.830
weapon_zm_pistol	1968.462036 -5060.344238 96.980209	0.031 -29.889 -89.748
weapon_zm_pistol	1450.513550 -4942.215332 656.870667	0.669 -35.604 -88.706
weapon_zm_pistol	3040.022949 -5056.356445 240.796234	1.103 -35.589 -87.996
weapon_zm_pistol	3123.204346 -4128.293945 240.832428	0.892 -35.599 -88.342
weapon_zm_pistol	3489.218018 -3626.055420 88.874168	0.330 -36.253 -88.603
weapon_zm_pistol	2062.004639 -3726.297607 -47.127991	0.623 -35.613 -88.702
weapon_zm_pistol	3227.801514 -2743.497559 -46.981842	-0.935 -146.884 -90.902
weapon_zm_pistol	2176.445068 -2333.503174 180.521957	-12.704 -54.954 -88.586
weapon_zm_pistol	2135.539307 -3350.776367 32.850433	0.153 -31.356 -88.244
weapon_zm_pistol	2423.967773 -2899.808350 176.885513	0.265 -58.868 -88.712
weapon_zm_pistol	2399.706299 -2614.885254 320.980164	0.224 -32.132 -90.001
weapon_zm_pistol	1411.091797 -2878.717041 544.642944	0.217 32.539 89.396
weapon_zm_pistol	1920.094971 -1571.402588 1208.981201	0.026 23.747 -89.758
